         1      -0.111687781986446E+03       0.364519535802469E+02
      -0.109381226000000E+03       0.369991480000000E+02
      -0.109378039000000E+03       0.369991350000000E+02
      -0.109378039000000E+03       0.369991350000000E+02
      -0.109340762270560E+03       0.369991802395875E+02
      -0.109319610139993E+03       0.369992059101245E+02
      -0.109270097000000E+03       0.369992660000000E+02
      -0.109270097000000E+03       0.369992660000000E+02
      -0.109268213000000E+03       0.369992420000000E+02
      -0.109268213000000E+03       0.369992420000000E+02
      -0.109263390000000E+03       0.369992630000000E+02
      -0.109263390000000E+03       0.369992630000000E+02
      -0.109246917000000E+03       0.369993460000000E+02
      -0.109246917000000E+03       0.369993460000000E+02
      -0.109233848000000E+03       0.369992660000000E+02
      -0.109233848000000E+03       0.369992660000000E+02
      -0.109181196000000E+03       0.369992710000000E+02
      -0.109181196000000E+03       0.369992710000000E+02
      -0.109045223000000E+03       0.369990840000000E+02
      -0.109045223000000E+03       0.369990840000000E+02
      -0.109045244000000E+03       0.369694890000000E+02
      -0.109045244000000E+03       0.369694890000000E+02
      -0.109045272000000E+03       0.369688710000000E+02
      -0.109045272000000E+03       0.369688710000000E+02
      -0.109045286582413E+03       0.369587310381108E+02
      -0.109045373834075E+03       0.368980601105218E+02
      -0.109045407000000E+03       0.368749980000000E+02
      -0.109045407000000E+03       0.368749980000000E+02
      -0.109045433000000E+03       0.368745890000000E+02
      -0.109045433000000E+03       0.368745890000000E+02
      -0.109045432979969E+03       0.368708372338656E+02
      -0.109045432905429E+03       0.368568764414265E+02
      -0.109045432462382E+03       0.367738964198992E+02
      -0.109045432075581E+03       0.367014508077289E+02
      -0.109045431000000E+03       0.365000010000000E+02
      -0.109045494081493E+03       0.364733046101438E+02
      -0.109045715670003E+03       0.363795272919886E+02
      -0.109045950499897E+03       0.362801461564960E+02
      -0.109046002904124E+03       0.362579684367315E+02
      -0.109046183000000E+03       0.361817510000000E+02
      -0.109045978908474E+03       0.361526553703805E+02
      -0.109045896271675E+03       0.361408745299354E+02
      -0.109045729000000E+03       0.361170280000000E+02
      -0.109045973000000E+03       0.360023380000000E+02
      -0.109045973000000E+03       0.360023380000000E+02
      -0.109045987525951E+03       0.359731171378788E+02
      -0.109046011000000E+03       0.359258960000000E+02
      -0.109046011000000E+03       0.359258960000000E+02
      -0.109046054000000E+03       0.359258600000000E+02
      -0.109046054000000E+03       0.359258600000000E+02
      -0.109046055000000E+03       0.358887210000000E+02
      -0.109046055000000E+03       0.358887210000000E+02
      -0.109046024000000E+03       0.358798000000000E+02
      -0.109046024000000E+03       0.358798000000000E+02
      -0.109046074870258E+03       0.358303783243030E+02
      -0.109046099956888E+03       0.358060060615634E+02
      -0.109046151105002E+03       0.357563144417461E+02
      -0.109046183239308E+03       0.357250951928184E+02
      -0.109046199594843E+03       0.357092053987232E+02
      -0.109046214095170E+03       0.356951179826664E+02
      -0.109046248223986E+03       0.356619610194468E+02
      -0.109046295000000E+03       0.356165170000000E+02
      -0.109046295000000E+03       0.356165170000000E+02
      -0.109046296000000E+03       0.356142510000000E+02
      -0.109046296000000E+03       0.356142510000000E+02
      -0.109046466687389E+03       0.355599107064023E+02
      -0.109046489254915E+03       0.355527260749993E+02
      -0.109046509000000E+03       0.355464400000000E+02
      -0.109046509000000E+03       0.355464400000000E+02
      -0.109046481000000E+03       0.355463260000000E+02
      -0.109046481000000E+03       0.355463260000000E+02
      -0.109046768529783E+03       0.353795404697592E+02
      -0.109046775990516E+03       0.353752127710703E+02
      -0.109046796000000E+03       0.353636060000000E+02
      -0.109046642313381E+03       0.353390893147803E+02
      -0.109046084000000E+03       0.352500250000000E+02
      -0.109046055397285E+03       0.352143873676399E+02
      -0.109046017275812E+03       0.351668898113966E+02
      -0.109045851000000E+03       0.349597180000000E+02
      -0.109045851000000E+03       0.349597180000000E+02
      -0.109045944607769E+03       0.349041666601315E+02
      -0.109046000864581E+03       0.348707811695078E+02
      -0.109046072000000E+03       0.348285660000000E+02
      -0.109045624000000E+03       0.348142260000000E+02
      -0.109046104000000E+03       0.347999810000000E+02
      -0.109045363000000E+03       0.347854060000000E+02
      -0.109046086000000E+03       0.347710160000000E+02
      -0.109046156000000E+03       0.345792910000000E+02
      -0.109046156000000E+03       0.345792910000000E+02
      -0.109046182000000E+03       0.345225530000000E+02
      -0.109046182000000E+03       0.345225530000000E+02
      -0.109046182000000E+03       0.345223930000000E+02
      -0.109046182000000E+03       0.345223930000000E+02
      -0.109046251594160E+03       0.344782764679883E+02
      -0.109046742676397E+03       0.341669738358863E+02
      -0.109047006000000E+03       0.340000500000000E+02
      -0.109046426000000E+03       0.338750520000000E+02
      -0.109046941490500E+03       0.337782329900648E+02
      -0.109046942822099E+03       0.337779828902092E+02
      -0.109047145000000E+03       0.337400100000000E+02
      -0.109046869106791E+03       0.336743468449879E+02
      -0.109046662000000E+03       0.336250550000000E+02
      -0.109046800662210E+03       0.335781208942050E+02
      -0.109047149576907E+03       0.334600209498204E+02
      -0.109047176061411E+03       0.334510565282240E+02
      -0.109047207835875E+03       0.334403015717266E+02
      -0.109047298000000E+03       0.334097830000000E+02
      -0.109046564000000E+03       0.333750600000000E+02
      -0.109046870000000E+03       0.333726540000000E+02
      -0.109046870000000E+03       0.333726540000000E+02
      -0.109047045000000E+03       0.333692800000000E+02
      -0.109047045000000E+03       0.333692800000000E+02
      -0.109046909000000E+03       0.333655700000000E+02
      -0.109046909000000E+03       0.333655700000000E+02
      -0.109046827000000E+03       0.333652720000000E+02
      -0.109046827000000E+03       0.333652720000000E+02
      -0.109047470000000E+03       0.332500630000000E+02
      -0.109047237000000E+03       0.332089650000000E+02
      -0.109047237000000E+03       0.332089650000000E+02
      -0.109047116000000E+03       0.331379950000000E+02
      -0.109047116000000E+03       0.331379950000000E+02
      -0.109047117000000E+03       0.331375590000000E+02
      -0.109047117000000E+03       0.331375590000000E+02
      -0.109047046454586E+03       0.331072773810842E+02
      -0.109047013000000E+03       0.330929170000000E+02
      -0.109047013000000E+03       0.330929170000000E+02
      -0.109046905000000E+03       0.330919310000000E+02
      -0.109046905000000E+03       0.330919310000000E+02
      -0.109047453000000E+03       0.330694270000000E+02
      -0.109047453000000E+03       0.330694270000000E+02
      -0.109047480000000E+03       0.330684200000000E+02
      -0.109047480000000E+03       0.330684200000000E+02
      -0.109047180825610E+03       0.328287096104534E+02
      -0.109047117000000E+03       0.327775700000000E+02
      -0.109047117000000E+03       0.327775700000000E+02
      -0.109047177907812E+03       0.327677346158212E+02
      -0.109047638000000E+03       0.326934390000000E+02
      -0.109047638000000E+03       0.326934390000000E+02
      -0.109047645000000E+03       0.326899880000000E+02
      -0.109047645000000E+03       0.326899880000000E+02
      -0.109047653000000E+03       0.326863270000000E+02
      -0.109047653000000E+03       0.326863270000000E+02
      -0.109047653000000E+03       0.326813790000000E+02
      -0.109047653000000E+03       0.326813790000000E+02
      -0.109047612000000E+03       0.324263770000000E+02
      -0.109048286000000E+03       0.320891140000000E+02
      -0.109048286000000E+03       0.320891140000000E+02
      -0.109048296000000E+03       0.320840930000000E+02
      -0.109048296000000E+03       0.320840930000000E+02
      -0.109048398111792E+03       0.320709665877907E+02
      -0.109048731000000E+03       0.320281740000000E+02
      -0.109048731000000E+03       0.320281740000000E+02
      -0.109048599000000E+03       0.320136510000000E+02
      -0.109048599000000E+03       0.320136510000000E+02
      -0.109048590000000E+03       0.318707910000000E+02
      -0.109048590000000E+03       0.318707910000000E+02
      -0.109048769000000E+03       0.318613830000000E+02
      -0.109048769000000E+03       0.318613830000000E+02
      -0.109049106000000E+03       0.318437150000000E+02
      -0.109048763000000E+03       0.318107760000000E+02
      -0.109048763000000E+03       0.318107760000000E+02
      -0.109049195000000E+03       0.317965510000000E+02
      -0.109049195000000E+03       0.317965510000000E+02
      -0.109049112000000E+03       0.316365980000000E+02
      -0.109049813000000E+03       0.314995280000000E+02
      -0.109049813000000E+03       0.314995280000000E+02
      -0.109049843000000E+03       0.314995150000000E+02
      -0.109049843000000E+03       0.314995150000000E+02
      -0.109050173000000E+03       0.314800040000000E+02
      -0.109050044000000E+03       0.313325020000000E+02
      -0.109050044000000E+03       0.313325020000000E+02
      -0.109278489000000E+03       0.313339590000000E+02
      -0.109300349909663E+03       0.313339632833422E+02
      -0.109321680583335E+03       0.313339674627921E+02
      -0.109494488346318E+03       0.313340013220780E+02
      -0.109504667060156E+03       0.313340033164559E+02
      -0.109511479943836E+03       0.313340046513460E+02
      -0.109528096792502E+03       0.313340079071872E+02
      -0.109530814000000E+03       0.313340084395864E+02
      -0.109536945270268E+03       0.313340096409238E+02
      -0.109541022105753E+03       0.313340104397232E+02
      -0.109545696035079E+03       0.313340113555149E+02
      -0.109551263648214E+03       0.313340124464115E+02
      -0.109560179605871E+03       0.313340141933698E+02
      -0.109561362098014E+03       0.313340144250627E+02
      -0.109562580714502E+03       0.313340146638338E+02
      -0.109566356916370E+03       0.313340154037282E+02
      -0.109568644932659E+03       0.313340158520333E+02
      -0.109579404208779E+03       0.313340179601643E+02
      -0.109617945859079E+03       0.313340255118664E+02
      -0.109792625952498E+03       0.313340597380096E+02
      -0.109829689000000E+03       0.313340670000000E+02
      -0.109866851936722E+03       0.313338665353042E+02
      -0.109917197124528E+03       0.313335949627740E+02
      -0.109957453047748E+03       0.313333778138587E+02
      -0.110000613000000E+03       0.313331450000000E+02
      -0.110003785601310E+03       0.313331635957946E+02
      -0.110135569352349E+03       0.313339360293063E+02
      -0.110136148626583E+03       0.313339394246478E+02
      -0.110140512000000E+03       0.313339650000000E+02
      -0.110205095291911E+03       0.313337350813796E+02
      -0.110460172000000E+03       0.313328270000000E+02
      -0.110622054912549E+03       0.313332146943550E+02
      -0.110722863435731E+03       0.313334561212899E+02
      -0.110760997858612E+03       0.313335474496472E+02
      -0.110777802302528E+03       0.313335876947104E+02
      -0.110795467000000E+03       0.313336300000000E+02
      -0.110816497516270E+03       0.313334810676681E+02
      -0.110850358026604E+03       0.313332412768469E+02
      -0.110890661623080E+03       0.313329558578619E+02
      -0.110912911880900E+03       0.313327982876557E+02
      -0.110941578015322E+03       0.313325952819761E+02
      -0.110942620037322E+03       0.313325879026629E+02
      -0.110945053989510E+03       0.313325706660830E+02
      -0.110964715884604E+03       0.313324314259498E+02
      -0.110976827836868E+03       0.313323456524351E+02
      -0.111000643000000E+03       0.313321770000000E+02
      -0.111074825000000E+03       0.313322390000000E+02
      -0.111125646000000E+03       0.313489780000000E+02
      -0.111366573024224E+03       0.314261326634458E+02
      -0.111560194000000E+03       0.314881380000000E+02
      -0.111623115170143E+03       0.315080316759115E+02
      -0.111979417000000E+03       0.316206830000000E+02
      -0.112246102000000E+03       0.317041950000000E+02
      -0.112365043000000E+03       0.317411300000000E+02
      -0.112369202977652E+03       0.317422395861996E+02
      -0.112375758000000E+03       0.317439880000000E+02
      -0.112388100729073E+03       0.317480405172078E+02
      -0.112390118984145E+03       0.317487031756327E+02
      -0.112399420000000E+03       0.317517570000000E+02
      -0.112525986638176E+03       0.317906565913039E+02
      -0.112607760170615E+03       0.318157892568881E+02
      -0.112847350762930E+03       0.318894261667058E+02
      -0.112867074000000E+03       0.318954880000000E+02
      -0.112868239352194E+03       0.318958359216870E+02
      -0.113125961000000E+03       0.319727800000000E+02
      -0.113217308000000E+03       0.320021070000000E+02
      -0.113333767043374E+03       0.320387625902774E+02
      -0.113493196000000E+03       0.320889430000000E+02
      -0.113750756000000E+03       0.321690050000000E+02
      -0.113781680000000E+03       0.321790340000000E+02
      -0.114043176863992E+03       0.322597950818016E+02
      -0.114250775000000E+03       0.323239100000000E+02
      -0.114500780000000E+03       0.324000570000000E+02
      -0.114563776882575E+03       0.324190305938223E+02
      -0.114635097121843E+03       0.324405110416773E+02
      -0.114718134631308E+03       0.324655205328174E+02
      -0.114754537162878E+03       0.324764843586429E+02
      -0.114782262015683E+03       0.324848346146303E+02
      -0.114813613000000E+03       0.324942770000000E+02
      -0.114813613000000E+03       0.324942770000000E+02
      -0.114813991000000E+03       0.324972310000000E+02
      -0.114812316000000E+03       0.325000540000000E+02
      -0.114813753000000E+03       0.325042600000000E+02
      -0.114813693525237E+03       0.325050648603867E+02
      -0.114813164125419E+03       0.325055942602045E+02
      -0.114812634725602E+03       0.325069177648784E+02
      -0.114812370030822E+03       0.325077118671698E+02
      -0.114810159000000E+03       0.325083830000000E+02
      -0.114807726000000E+03       0.325087260000000E+02
      -0.114807425713722E+03       0.325089664300645E+02
      -0.114806017212491E+03       0.325100941740440E+02
      -0.114804693707817E+03       0.325124764783535E+02
      -0.114804429002779E+03       0.325145940853188E+02
      -0.114804793368392E+03       0.325165981014867E+02
      -0.114804958402596E+03       0.325175057920108E+02
      -0.114809723011215E+03       0.325201527987939E+02
      -0.114810166799691E+03       0.325209769730038E+02
      -0.114810513125020E+03       0.325216201451902E+02
      -0.114811369942963E+03       0.325232113700428E+02
      -0.114811575925966E+03       0.325235939078684E+02
      -0.114810671549763E+03       0.325272296160486E+02
      -0.114810563000000E+03       0.325276660000000E+02
      -0.114806400000000E+03       0.325311920000000E+02
      -0.114802181000000E+03       0.325364140000000E+02
      -0.114802018000000E+03       0.325394600000000E+02
      -0.114804776000000E+03       0.325416590000000E+02
      -0.114805966000000E+03       0.325453460000000E+02
      -0.114805830000000E+03       0.325463540000000E+02
      -0.114803883000000E+03       0.325480020000000E+02
      -0.114795635000000E+03       0.325509560000000E+02
      -0.114795238310846E+03       0.325512478832846E+02
      -0.114795238090127E+03       0.325512480456892E+02
      -0.114793769000000E+03       0.325523290000000E+02
      -0.114792065000000E+03       0.325550090000000E+02
      -0.114791898909647E+03       0.325556597898272E+02
      -0.114791647476477E+03       0.325566449773851E+02
      -0.114791551000000E+03       0.325570230000000E+02
      -0.114791598416260E+03       0.325574166975995E+02
      -0.114791831694800E+03       0.325593536112394E+02
      -0.114791988071155E+03       0.325606520053965E+02
      -0.114792629434280E+03       0.325612933660366E+02
      -0.114793311575828E+03       0.325619755049409E+02
      -0.114794635080502E+03       0.325635637095237E+02
      -0.114795958585176E+03       0.325640931144710E+02
      -0.114797660000000E+03       0.325644440000000E+02
      -0.114804429002779E+03       0.325619755049409E+02
      -0.114808928916618E+03       0.325619755049409E+02
      -0.114810517116071E+03       0.325638284145621E+02
      -0.114810781821110E+03       0.325651519192360E+02
      -0.114810517116071E+03       0.325672695236366E+02
      -0.114808928916618E+03       0.325696518279460E+02
      -0.114804421000000E+03       0.325729420000000E+02
      -0.114801877000000E+03       0.325760100000000E+02
      -0.114801471000000E+03       0.325782550000000E+02
      -0.114803879000000E+03       0.325808890000000E+02
      -0.114803897835739E+03       0.325811964760030E+02
      -0.114803987000000E+03       0.325826520000000E+02
      -0.114802823000000E+03       0.325850800000000E+02
      -0.114800441000000E+03       0.325880800000000E+02
      -0.114799737000000E+03       0.325921780000000E+02
      -0.114799683000000E+03       0.325936210000000E+02
      -0.114801038413247E+03       0.325972330127806E+02
      -0.114801548000000E+03       0.325985910000000E+02
      -0.114801879480450E+03       0.325989086177990E+02
      -0.114802101681560E+03       0.325991215263658E+02
      -0.114802361000000E+03       0.325993700000000E+02
      -0.114805932000000E+03       0.326007210000000E+02
      -0.114807906000000E+03       0.326027830000000E+02
      -0.114807962067815E+03       0.326030802680011E+02
      -0.114809042000000E+03       0.326088060000000E+02
      -0.114809378924760E+03       0.326167856453902E+02
      -0.114809393000000E+03       0.326171190000000E+02
      -0.114809077894655E+03       0.326177817752474E+02
      -0.114807390000000E+03       0.326213320000000E+02
      -0.114799302000000E+03       0.326251150000000E+02
      -0.114797565000000E+03       0.326245780000000E+02
      -0.114794102000000E+03       0.326224750000000E+02
      -0.114791179000000E+03       0.326218330000000E+02
      -0.114781872000000E+03       0.326250500000000E+02
      -0.114781872000000E+03       0.326250500000000E+02
      -0.114782670000000E+03       0.326286340000000E+02
      -0.114782235000000E+03       0.326302150000000E+02
      -0.114781282000000E+03       0.326314590000000E+02
      -0.114780060296077E+03       0.326327120296650E+02
      -0.114779215000000E+03       0.326335790000000E+02
      -0.114774482000000E+03       0.326358690000000E+02
      -0.114766783951753E+03       0.326410495578155E+02
      -0.114764382000000E+03       0.326426660000000E+02
      -0.114763998875116E+03       0.326433632729935E+02
      -0.114763997997154E+03       0.326433648708511E+02
      -0.114763310000000E+03       0.326446170000000E+02
      -0.114763512000000E+03       0.326459960000000E+02
      -0.114765067000000E+03       0.326480470000000E+02
      -0.114764950000000E+03       0.326493910000000E+02
      -0.114758310000000E+03       0.326551780000000E+02
      -0.114753111000000E+03       0.326583040000000E+02
      -0.114753111000000E+03       0.326583040000000E+02
      -0.114748000000000E+03       0.326641840000000E+02
      -0.114748000000000E+03       0.326641840000000E+02
      -0.114747848000000E+03       0.326676930000000E+02
      -0.114747105642117E+03       0.326690258630952E+02
      -0.114745345000000E+03       0.326721870000000E+02
      -0.114744491000000E+03       0.326786710000000E+02
      -0.114744363031065E+03       0.326788548858360E+02
      -0.114730453000000E+03       0.326988430000000E+02
      -0.114730041000000E+03       0.326996750000000E+02
      -0.114730086000000E+03       0.327042980000000E+02
      -0.114722746000000E+03       0.327130710000000E+02
      -0.114719633000000E+03       0.327187630000000E+02
      -0.114719633000000E+03       0.327187630000000E+02
      -0.114717665000000E+03       0.327216540000000E+02
      -0.114715788000000E+03       0.327277580000000E+02
      -0.114714522000000E+03       0.327303900000000E+02
      -0.114705717000000E+03       0.327415810000000E+02
      -0.114701918000000E+03       0.327455480000000E+02
      -0.114700743000000E+03       0.327456170000000E+02
      -0.114698790000000E+03       0.327448460000000E+02
      -0.114688779000000E+03       0.327376750000000E+02
      -0.114684278000000E+03       0.327375370000000E+02
      -0.114678632000000E+03       0.327366140000000E+02
      -0.114678632000000E+03       0.327366140000000E+02
      -0.114677091000000E+03       0.327362180000000E+02
      -0.114677091000000E+03       0.327362180000000E+02
      -0.114667493000000E+03       0.327342260000000E+02
      -0.114666437507891E+03       0.327341776959580E+02
      -0.114665488364204E+03       0.327341342588957E+02
      -0.114658840000000E+03       0.327338300000000E+02
      -0.114658840000000E+03       0.327338300000000E+02
      -0.114658260000000E+03       0.327337990000000E+02
      -0.114658260000000E+03       0.327337990000000E+02
      -0.114646532621454E+03       0.327324448532554E+02
      -0.114643634882356E+03       0.327321102546961E+02
      -0.114640438000000E+03       0.327317411144131E+02
      -0.114633171361793E+03       0.327309020441611E+02
      -0.114632686000000E+03       0.327308460000000E+02
      -0.114624584617350E+03       0.327293737931760E+02
      -0.114624130122594E+03       0.327292912010667E+02
      -0.114618373000000E+03       0.327282450000000E+02
      -0.114615595355903E+03       0.327284452533944E+02
      -0.114615585000000E+03       0.327284460000000E+02
      -0.114615585000000E+03       0.327284460000000E+02
      -0.114615733000000E+03       0.327294270000000E+02
      -0.114615733000000E+03       0.327294270000000E+02
      -0.114614772000000E+03       0.327340890000000E+02
      -0.114612697000000E+03       0.327345160000000E+02
      -0.114583108384575E+03       0.327349275778033E+02
      -0.114581883974772E+03       0.327349446093504E+02
      -0.114581846397429E+03       0.327349451320514E+02
      -0.114581803010535E+03       0.327349457355634E+02
      -0.114581784000000E+03       0.327349460000000E+02
      -0.114581736000000E+03       0.327423210000000E+02
      -0.114564508000000E+03       0.327422980000000E+02
      -0.114564447000000E+03       0.327495540000000E+02
      -0.114551497601449E+03       0.327496864562830E+02
      -0.114539224000000E+03       0.327498120000000E+02
      -0.114539093000000E+03       0.327569490000000E+02
      -0.114526856000000E+03       0.327570940000000E+02
      -0.114528443000000E+03       0.327672760000000E+02
      -0.114531831000000E+03       0.327742640000000E+02
      -0.114532432000000E+03       0.327769230000000E+02
      -0.114531746000000E+03       0.327825030000000E+02
      -0.114531669000000E+03       0.327911850000000E+02
      -0.114530755000000E+03       0.327934850000000E+02
      -0.114528849000000E+03       0.327963070000000E+02
      -0.114522031000000E+03       0.328016750000000E+02
      -0.114520385000000E+03       0.328035770000000E+02
      -0.114519758000000E+03       0.328056760000000E+02
      -0.114515389000000E+03       0.328114390000000E+02
      -0.114510217000000E+03       0.328164170000000E+02
      -0.114496827000000E+03       0.328221190000000E+02
      -0.114496827000000E+03       0.328221190000000E+02
      -0.114496284000000E+03       0.328223260000000E+02
      -0.114496284000000E+03       0.328223260000000E+02
      -0.114494116000000E+03       0.328232880000000E+02
      -0.114489755697972E+03       0.328269740630513E+02
      -0.114482741098514E+03       0.328329039861885E+02
      -0.114475892000000E+03       0.328386940000000E+02
      -0.114468971000000E+03       0.328451550000000E+02
      -0.114465546000000E+03       0.328748090000000E+02
      -0.114465715000000E+03       0.328791910000000E+02
      -0.114465715000000E+03       0.328791910000000E+02
      -0.114465715000000E+03       0.328794200000000E+02
      -0.114465715000000E+03       0.328794200000000E+02
      -0.114465359887917E+03       0.328825023948330E+02
      -0.114463127000000E+03       0.329018840000000E+02
      -0.114463080420975E+03       0.329033096004483E+02
      -0.114462929000000E+03       0.329079440000000E+02
      -0.114463650000000E+03       0.329116820000000E+02
      -0.114464448000000E+03       0.329131290000000E+02
      -0.114473713000000E+03       0.329205940000000E+02
      -0.114476640000000E+03       0.329236280000000E+02
      -0.114479005000000E+03       0.329282910000000E+02
      -0.114480920000000E+03       0.329352520000000E+02
      -0.114480740000000E+03       0.329370270000000E+02
      -0.114478456000000E+03       0.329405550000000E+02
      -0.114474042000000E+03       0.329451500000000E+02
      -0.114471709376665E+03       0.329496063487150E+02
      -0.114471709376665E+03       0.329539269395596E+02
      -0.114471709376665E+03       0.329568073307981E+02
      -0.114471709376665E+03       0.329594819803748E+02
      -0.114472120859988E+03       0.329617451426410E+02
      -0.114472738084974E+03       0.329640083088942E+02
      -0.114473355313946E+03       0.329658599918239E+02
      -0.114475618476212E+03       0.329689461247240E+02
      -0.114478498871437E+03       0.329712092909772E+02
      -0.114481315000000E+03       0.329720640000000E+02
      -0.114488625000000E+03       0.329699460000000E+02
      -0.114490129000000E+03       0.329698850000000E+02
      -0.114492938000000E+03       0.329717810000000E+02
      -0.114494212000000E+03       0.329742620000000E+02
      -0.114495712000000E+03       0.329800760000000E+02
      -0.114497315000000E+03       0.329914740000000E+02
      -0.114499797000000E+03       0.330039050000000E+02
      -0.114502071552296E+03       0.330092680302677E+02
      -0.114502871000000E+03       0.330111530000000E+02
      -0.114504020606347E+03       0.330132190461415E+02
      -0.114505311857349E+03       0.330155396528048E+02
      -0.114506130000000E+03       0.330170100000000E+02
      -0.114506660969265E+03       0.330176664544241E+02
      -0.114511343000000E+03       0.330234550000000E+02
      -0.114514900000000E+03       0.330265240000000E+02
      -0.114516028980395E+03       0.330272708971640E+02
      -0.114516550798206E+03       0.330276161150654E+02
      -0.114520130000000E+03       0.330299840000000E+02
      -0.114523578000000E+03       0.330309610000000E+02
      -0.114527572940465E+03       0.330316216779439E+02
      -0.114534772178722E+03       0.330328122783976E+02
      -0.114538459000000E+03       0.330334220000000E+02
      -0.114540984654483E+03       0.330335166477444E+02
      -0.114553189000000E+03       0.330339740000000E+02
      -0.114571653000000E+03       0.330366240000000E+02
      -0.114575161000000E+03       0.330365420000000E+02
      -0.114578287000000E+03       0.330353750000000E+02
      -0.114581404000000E+03       0.330325450000000E+02
      -0.114584765000000E+03       0.330282310000000E+02
      -0.114586982000000E+03       0.330269450000000E+02
      -0.114589778000000E+03       0.330262280000000E+02
      -0.114601014000000E+03       0.330254100000000E+02
      -0.114618788000000E+03       0.330272020000000E+02
      -0.114625787000000E+03       0.330294360000000E+02
      -0.114628293000000E+03       0.330310520000000E+02
      -0.114634190000000E+03       0.330390250000000E+02
      -0.114639553000000E+03       0.330452910000000E+02
      -0.114641622000000E+03       0.330468960000000E+02
      -0.114645980000000E+03       0.330489030000000E+02
      -0.114649001000000E+03       0.330467630000000E+02
      -0.114655038000000E+03       0.330371070000000E+02
      -0.114657827000000E+03       0.330338250000000E+02
      -0.114659832000000E+03       0.330326650000000E+02
      -0.114662317000000E+03       0.330326710000000E+02
      -0.114665060000000E+03       0.330339080000000E+02
      -0.114670803000000E+03       0.330379840000000E+02
      -0.114673659000000E+03       0.330418970000000E+02
      -0.114675104000000E+03       0.330475320000000E+02
      -0.114674296000000E+03       0.330571710000000E+02
      -0.114686991000000E+03       0.330709690000000E+02
      -0.114689120000000E+03       0.330761220000000E+02
      -0.114689307000000E+03       0.330791790000000E+02
      -0.114688597000000E+03       0.330828690000000E+02
      -0.114689020000000E+03       0.330840360000000E+02
      -0.114692548000000E+03       0.330857860000000E+02
      -0.114694628000000E+03       0.330862260000000E+02
      -0.114701165000000E+03       0.330863680000000E+02
      -0.114704730000000E+03       0.330870510000000E+02
      -0.114706488000000E+03       0.330881600000000E+02
      -0.114707819000000E+03       0.330911020000000E+02
      -0.114707896000000E+03       0.330974320000000E+02
      -0.114706175000000E+03       0.331053350000000E+02
      -0.114703682000000E+03       0.331137690000000E+02
      -0.114696829000000E+03       0.331312090000000E+02
      -0.114689995000000E+03       0.331378830000000E+02
      -0.114687074000000E+03       0.331421960000000E+02
      -0.114684489000000E+03       0.331481210000000E+02
      -0.114682253000000E+03       0.331552140000000E+02
      -0.114679359000000E+03       0.331595190000000E+02
      -0.114678729000000E+03       0.331629480000000E+02
      -0.114680248000000E+03       0.331697170000000E+02
      -0.114679034000000E+03       0.331747380000000E+02
      -0.114675831000000E+03       0.331815200000000E+02
      -0.114675360000000E+03       0.331854890000000E+02
      -0.114675190000000E+03       0.331881790000000E+02
      -0.114678178000000E+03       0.331995840000000E+02
      -0.114678749000000E+03       0.332034480000000E+02
      -0.114676072000000E+03       0.332108350000000E+02
      -0.114673715000000E+03       0.332192450000000E+02
      -0.114673626000000E+03       0.332231210000000E+02
      -0.114674479000000E+03       0.332255040000000E+02
      -0.114678097000000E+03       0.332303000000000E+02
      -0.114682731000000E+03       0.332349180000000E+02
      -0.114689421000000E+03       0.332452500000000E+02
      -0.114689541000000E+03       0.332464280000000E+02
      -0.114688205000000E+03       0.332479660000000E+02
      -0.114674491000000E+03       0.332555970000000E+02
      -0.114672088000000E+03       0.332584990000000E+02
      -0.114672401000000E+03       0.332604700000000E+02
      -0.114677032000000E+03       0.332701700000000E+02
      -0.114680507000000E+03       0.332735770000000E+02
      -0.114684363000000E+03       0.332760250000000E+02
      -0.114694449000000E+03       0.332797860000000E+02
      -0.114702873000000E+03       0.332819160000000E+02
      -0.114711197000000E+03       0.332833420000000E+02
      -0.114717875000000E+03       0.332851570000000E+02
      -0.114721670000000E+03       0.332869820000000E+02
      -0.114723259000000E+03       0.332880790000000E+02
      -0.114731223000000E+03       0.333024340000000E+02
      -0.114731222000000E+03       0.333040390000000E+02
      -0.114729904000000E+03       0.333057450000000E+02
      -0.114723623000000E+03       0.333121100000000E+02
      -0.114710792000000E+03       0.333206070000000E+02
      -0.114707962000000E+03       0.333234210000000E+02
      -0.114705241000000E+03       0.333277670000000E+02
      -0.114700938000000E+03       0.333370140000000E+02
      -0.114698035000000E+03       0.333524420000000E+02
      -0.114698170000000E+03       0.333565750000000E+02
      -0.114699053000000E+03       0.333611480000000E+02
      -0.114705536810404E+03       0.333732479861428E+02
      -0.114707068772933E+03       0.333761069107907E+02
      -0.114707348000000E+03       0.333766280000000E+02
      -0.114707324809957E+03       0.333769020392660E+02
      -0.114707211912276E+03       0.333782361634840E+02
      -0.114707009000000E+03       0.333806340000000E+02
      -0.114707310000000E+03       0.333825420000000E+02
      -0.114708408000000E+03       0.333841470000000E+02
      -0.114709404347753E+03       0.333849354076368E+02
      -0.114713602000000E+03       0.333882570000000E+02
      -0.114722872000000E+03       0.333987790000000E+02
      -0.114723080215364E+03       0.333990855584051E+02
      -0.114725292000000E+03       0.334023420000000E+02
      -0.114725535000000E+03       0.334040560000000E+02
      -0.114725282000000E+03       0.334050480000000E+02
      -0.114723829000000E+03       0.334065310000000E+02
      -0.114720065000000E+03       0.334078910000000E+02
      -0.114710878000000E+03       0.334072540000000E+02
      -0.114701732000000E+03       0.334083880000000E+02
      -0.114697707000000E+03       0.334109420000000E+02
      -0.114696805000000E+03       0.334120870000000E+02
      -0.114696504000000E+03       0.334140590000000E+02
      -0.114695655000000E+03       0.334151270000000E+02
      -0.114687953000000E+03       0.334179440000000E+02
      -0.114673901000000E+03       0.334182990000000E+02
      -0.114658382000000E+03       0.334130360000000E+02
      -0.114652828000000E+03       0.334129220000000E+02
      -0.114649540000000E+03       0.334136330000000E+02
      -0.114643302000000E+03       0.334167450000000E+02
      -0.114635183000000E+03       0.334227260000000E+02
      -0.114629640000000E+03       0.334281380000000E+02
      -0.114627125000000E+03       0.334335540000000E+02
      -0.114627125000000E+03       0.334335540000000E+02
      -0.114622283000000E+03       0.334475580000000E+02
      -0.114623395000000E+03       0.334544900000000E+02
      -0.114622918000000E+03       0.334565610000000E+02
      -0.114612472000000E+03       0.334707680000000E+02
      -0.114607843000000E+03       0.334748340000000E+02
      -0.114601696000000E+03       0.334813940000000E+02
      -0.114599713000000E+03       0.334843150000000E+02
      -0.114597283000000E+03       0.334906530000000E+02
      -0.114591554000000E+03       0.334994430000000E+02
      -0.114588239000000E+03       0.335024530000000E+02
      -0.114580468000000E+03       0.335064650000000E+02
      -0.114573757000000E+03       0.335075430000000E+02
      -0.114569533000000E+03       0.335092190000000E+02
      -0.114560963000000E+03       0.335167390000000E+02
      -0.114560552000000E+03       0.335182720000000E+02
      -0.114560835000000E+03       0.335243340000000E+02
      -0.114559507000000E+03       0.335307240000000E+02
      -0.114558898000000E+03       0.335318190000000E+02
      -0.114542011000000E+03       0.335424810000000E+02
      -0.114524599000000E+03       0.335522310000000E+02
      -0.114524504730465E+03       0.335528890738719E+02
      -0.114524391000000E+03       0.335536830000000E+02
      -0.114526834000000E+03       0.335574660000000E+02
      -0.114535664000000E+03       0.335687880000000E+02
      -0.114535664000000E+03       0.335687880000000E+02
      -0.114535965000000E+03       0.335691540000000E+02
      -0.114535965000000E+03       0.335691540000000E+02
      -0.114540300000000E+03       0.335806150000000E+02
      -0.114540617000000E+03       0.335914120000000E+02
      -0.114532699374357E+03       0.336019665253737E+02
      -0.114529186000000E+03       0.336066500000000E+02
      -0.114526782000000E+03       0.336088310000000E+02
      -0.114524813422502E+03       0.336113509630650E+02
      -0.114524619473416E+03       0.336142601523767E+02
      -0.114525783152899E+03       0.336165875000676E+02
      -0.114527938000000E+03       0.336188390000000E+02
      -0.114529662066970E+03       0.336227937731048E+02
      -0.114529856016056E+03       0.336274484722451E+02
      -0.114528832535836E+03       0.336294954326840E+02
      -0.114528498395004E+03       0.336301637143499E+02
      -0.114526946824865E+03       0.336330729055408E+02
      -0.114526946824865E+03       0.336375336593534E+02
      -0.114527277993559E+03       0.336388583328440E+02
      -0.114527916555262E+03       0.336414125771828E+02
      -0.114528679658524E+03       0.336431931448874E+02
      -0.114529080234745E+03       0.336441278192876E+02
      -0.114530049957625E+03       0.336476188464616E+02
      -0.114530243906711E+03       0.336501401469971E+02
      -0.114528304445917E+03       0.336530493306712E+02
      -0.114527021342134E+03       0.336554322417576E+02
      -0.114526946824865E+03       0.336555706312066E+02
      -0.114525783152899E+03       0.336571222013452E+02
      -0.114525201313157E+03       0.336580919317421E+02
      -0.114525007364071E+03       0.336596434943638E+02
      -0.114525201313157E+03       0.336615829551577E+02
      -0.114525977094468E+03       0.336629405762101E+02
      -0.114526902433807E+03       0.336642360498503E+02
      -0.114526946824865E+03       0.336642981972625E+02
      -0.114528304445917E+03       0.336660437014535E+02
      -0.114529706300967E+03       0.336680309278544E+02
      -0.114530999275109E+03       0.336711017390926E+02
      -0.114531523000000E+03       0.336751080000000E+02
      -0.114530348000000E+03       0.336792450000000E+02
      -0.114527782000000E+03       0.336826840000000E+02
      -0.114523959000000E+03       0.336858790000000E+02
      -0.114519113000000E+03       0.336884730000000E+02
      -0.114512409000000E+03       0.336912820000000E+02
      -0.114504993000000E+03       0.336930220000000E+02
      -0.114496489000000E+03       0.336969010000000E+02
      -0.114495719000000E+03       0.336984540000000E+02
      -0.114494197000000E+03       0.337079220000000E+02
      -0.114494901000000E+03       0.337144300000000E+02
      -0.114496565000000E+03       0.337191550000000E+02
      -0.114500788000000E+03       0.337222040000000E+02
      -0.114502661000000E+03       0.337245840000000E+02
      -0.114504176000000E+03       0.337280550000000E+02
      -0.114506799000000E+03       0.337305180000000E+02
      -0.114510265000000E+03       0.337321460000000E+02
      -0.114512348000000E+03       0.337342140000000E+02
      -0.114508206000000E+03       0.337415870000000E+02
      -0.114506000000000E+03       0.337463440000000E+02
      -0.114504483000000E+03       0.337509980000000E+02
      -0.114504340000000E+03       0.337563810000000E+02
      -0.114504863000000E+03       0.337604650000000E+02
      -0.114507089000000E+03       0.337679300000000E+02
      -0.114516734000000E+03       0.337883450000000E+02
      -0.114520094000000E+03       0.337994730000000E+02
      -0.114528050000000E+03       0.338149630000000E+02
      -0.114527161000000E+03       0.338161910000000E+02
      -0.114522714000000E+03       0.338189790000000E+02
      -0.114520733000000E+03       0.338220310000000E+02
      -0.114519970000000E+03       0.338253810000000E+02
      -0.114520465000000E+03       0.338277780000000E+02
      -0.114523409000000E+03       0.338353230000000E+02
      -0.114525539000000E+03       0.338386140000000E+02
      -0.114529597000000E+03       0.338480630000000E+02
      -0.114529384732805E+03       0.338517551290905E+02
      -0.114528451102167E+03       0.338549294700007E+02
      -0.114526770577152E+03       0.338573569056773E+02
      -0.114524529857833E+03       0.338584772617183E+02
      -0.114516811000000E+03       0.338581200000000E+02
      -0.114514673000000E+03       0.338586380000000E+02
      -0.114505638000000E+03       0.338642760000000E+02
      -0.114503887000000E+03       0.338657540000000E+02
      -0.114503017000000E+03       0.338679980000000E+02
      -0.114503395000000E+03       0.338750180000000E+02
      -0.114504340000000E+03       0.338768820000000E+02
      -0.114512467000000E+03       0.338828840000000E+02
      -0.114516500640142E+03       0.338859259756778E+02
      -0.114517046319327E+03       0.338868614194508E+02
      -0.114517807728824E+03       0.338881666841414E+02
      -0.114518554630439E+03       0.338898472200122E+02
      -0.114518928081246E+03       0.338917144812868E+02
      -0.114518741359461E+03       0.338932082881353E+02
      -0.114517807728824E+03       0.338948888203877E+02
      -0.114516313925594E+03       0.338961959018325E+02
      -0.114513715000000E+03       0.338979590000000E+02
      -0.114510944000000E+03       0.338990990000000E+02
      -0.114508708000000E+03       0.339006400000000E+02
      -0.114507988000000E+03       0.339018130000000E+02
      -0.114507920000000E+03       0.339038070000000E+02
      -0.114508558000000E+03       0.339060980000000E+02
      -0.114511511000000E+03       0.339110920000000E+02
      -0.114518434000000E+03       0.339175180000000E+02
      -0.114525361000000E+03       0.339222720000000E+02
      -0.114528385000000E+03       0.339236740000000E+02
      -0.114533679427947E+03       0.339260720532778E+02
      -0.114534986516628E+03       0.339284994871451E+02
      -0.114535478000000E+03       0.339346510000000E+02
      -0.114528680000000E+03       0.339478170000000E+02
      -0.114522358146119E+03       0.339552066962251E+02
      -0.114522002000000E+03       0.339556230000000E+02
      -0.114515860000000E+03       0.339581060000000E+02
      -0.114511231000000E+03       0.339570400000000E+02
      -0.114509568000000E+03       0.339572640000000E+02
      -0.114509241225481E+03       0.339574166747235E+02
      -0.114499883000000E+03       0.339617890000000E+02
      -0.114495047000000E+03       0.339668350000000E+02
      -0.114484784000000E+03       0.339755190000000E+02
      -0.114483097000000E+03       0.339777450000000E+02
      -0.114482333000000E+03       0.339801810000000E+02
      -0.114481455000000E+03       0.339812610000000E+02
      -0.114475907000000E+03       0.339844240000000E+02
      -0.114471138000000E+03       0.339880400000000E+02
      -0.114467932000000E+03       0.339928770000000E+02
      -0.114466300289790E+03       0.339934268255608E+02
      -0.114466187000000E+03       0.339934650000000E+02
      -0.114462377291522E+03       0.339937813482541E+02
      -0.114461169922744E+03       0.339946868755691E+02
      -0.114460264395429E+03       0.339966488509310E+02
      -0.114460276933841E+03       0.339968620046664E+02
      -0.114460415316160E+03       0.339992145121444E+02
      -0.114461312156774E+03       0.340011763492896E+02
      -0.114462830056642E+03       0.340044967523783E+02
      -0.114463131898106E+03       0.340066096484719E+02
      -0.114462830056642E+03       0.340084207031020E+02
      -0.114461169922744E+03       0.340100808370003E+02
      -0.114458906105918E+03       0.340108354435837E+02
      -0.114454807000000E+03       0.340109680000000E+02
      -0.114450206000000E+03       0.340125740000000E+02
      -0.114448562743707E+03       0.340135010178808E+02
      -0.114443821000000E+03       0.340161760000000E+02
      -0.114440540000000E+03       0.340193290000000E+02
      -0.114438266000000E+03       0.340226090000000E+02
      -0.114436171000000E+03       0.340280830000000E+02
      -0.114434949000000E+03       0.340377840000000E+02
      -0.114435504000000E+03       0.340426150000000E+02
      -0.114438602000000E+03       0.340502050000000E+02
      -0.114439406000000E+03       0.340538100000000E+02
      -0.114439340000000E+03       0.340578930000000E+02
      -0.114437683000000E+03       0.340719370000000E+02
      -0.114435429000000E+03       0.340797270000000E+02
      -0.114435429000000E+03       0.340797270000000E+02
      -0.114434324512726E+03       0.340864990645970E+02
      -0.114434311071551E+03       0.340865814779553E+02
      -0.114434181000000E+03       0.340873790000000E+02
      -0.114433380000000E+03       0.340884130000000E+02
      -0.114428026000000E+03       0.340927870000000E+02
      -0.114426168000000E+03       0.340970420000000E+02
      -0.114420499000000E+03       0.341034660000000E+02
      -0.114415908000000E+03       0.341076360000000E+02
      -0.114411681000000E+03       0.341100310000000E+02
      -0.114405941000000E+03       0.341115400000000E+02
      -0.114401352000000E+03       0.341116520000000E+02
      -0.114390565000000E+03       0.341100840000000E+02
      -0.114379234000000E+03       0.341159880000000E+02
      -0.114369297000000E+03       0.341175170000000E+02
      -0.114366521000000E+03       0.341185750000000E+02
      -0.114360402000000E+03       0.341235770000000E+02
      -0.114356373000000E+03       0.341304290000000E+02
      -0.114353031000000E+03       0.341331210000000E+02
      -0.114348052000000E+03       0.341344580000000E+02
      -0.114336112000000E+03       0.341340350000000E+02
      -0.114324576000000E+03       0.341367590000000E+02
      -0.114321032057791E+03       0.341385090488510E+02
      -0.114320777000000E+03       0.341386350000000E+02
      -0.114312206000000E+03       0.341447760000000E+02
      -0.114302188053515E+03       0.341561102220310E+02
      -0.114301241543792E+03       0.341571810953256E+02
      -0.114299258963609E+03       0.341594241701934E+02
      -0.114292806000000E+03       0.341667250000000E+02
      -0.114287294000000E+03       0.341705290000000E+02
      -0.114287181680120E+03       0.341705441384822E+02
      -0.114275267000000E+03       0.341721500000000E+02
      -0.114268292357349E+03       0.341702170276082E+02
      -0.114268267000000E+03       0.341702100000000E+02
      -0.114267717532871E+03       0.341703508481150E+02
      -0.114254606054406E+03       0.341737117898908E+02
      -0.114254141000000E+03       0.341738310000000E+02
      -0.114253924486128E+03       0.341739570785298E+02
      -0.114244227416956E+03       0.341796037939857E+02
      -0.114244191000000E+03       0.341796250000000E+02
      -0.114240712000000E+03       0.341832320000000E+02
      -0.114229715000000E+03       0.341869280000000E+02
      -0.114229026358164E+03       0.341874257948073E+02
      -0.114229023279079E+03       0.341874280205690E+02
      -0.114227034000000E+03       0.341888660000000E+02
      -0.114224941000000E+03       0.341938960000000E+02
      -0.114225861000000E+03       0.342017740000000E+02
      -0.114225194000000E+03       0.342036420000000E+02
      -0.114223384000000E+03       0.342051360000000E+02
      -0.114215454000000E+03       0.342089560000000E+02
      -0.114211761000000E+03       0.342115390000000E+02
      -0.114208253000000E+03       0.342155050000000E+02
      -0.114190876000000E+03       0.342308580000000E+02
      -0.114178050000000E+03       0.342399690000000E+02
      -0.114176403000000E+03       0.342415120000000E+02
      -0.114175948000000E+03       0.342426950000000E+02
      -0.114174322068695E+03       0.342454676411614E+02
      -0.114173118723122E+03       0.342472263771374E+02
      -0.114170993337118E+03       0.342480079318006E+02
      -0.114166536000000E+03       0.342496470000000E+02
      -0.114164476000000E+03       0.342516670000000E+02
      -0.114163867000000E+03       0.342533490000000E+02
      -0.114163121699462E+03       0.342551869678261E+02
      -0.114161825789120E+03       0.342570382703641E+02
      -0.114159696794072E+03       0.342582416141437E+02
      -0.114156853000000E+03       0.342584150000000E+02
      -0.114153346000000E+03       0.342582890000000E+02
      -0.114147159000000E+03       0.342595640000000E+02
      -0.114144779000000E+03       0.342596230000000E+02
      -0.114139054791581E+03       0.342595375262790E+02
      -0.114136185278387E+03       0.342612962622550E+02
      -0.114134611668360E+03       0.342635178220718E+02
      -0.114134426538824E+03       0.342663873406469E+02
      -0.114134768000000E+03       0.342689650000000E+02
      -0.114136671000000E+03       0.342743770000000E+02
      -0.114137045000000E+03       0.342770180000000E+02
      -0.114136050000000E+03       0.342808330000000E+02
      -0.114138365000000E+03       0.342885640000000E+02
      -0.114139534000000E+03       0.342958440000000E+02
      -0.114138167000000E+03       0.343009360000000E+02
      -0.114138282000000E+03       0.343032300000000E+02
      -0.114140930000000E+03       0.343059190000000E+02
      -0.114157206000000E+03       0.343178620000000E+02
      -0.114163278144038E+03       0.343291944705261E+02
      -0.114168807000000E+03       0.343395130000000E+02
      -0.114172845000000E+03       0.343449790000000E+02
      -0.114176909000000E+03       0.343493060000000E+02
      -0.114181145000000E+03       0.343521860000000E+02
      -0.114185556000000E+03       0.343543860000000E+02
      -0.114191094000000E+03       0.343561250000000E+02
      -0.114199482000000E+03       0.343613730000000E+02
      -0.114213774000000E+03       0.343624600000000E+02
      -0.114226107000000E+03       0.343659160000000E+02
      -0.114229686000000E+03       0.343689080000000E+02
      -0.114234275000000E+03       0.343766620000000E+02
      -0.114245261000000E+03       0.343856590000000E+02
      -0.114248649000000E+03       0.343881130000000E+02
      -0.114252739000000E+03       0.343901000000000E+02
      -0.114264317000000E+03       0.344013290000000E+02
      -0.114267521000000E+03       0.344024860000000E+02
      -0.114280108000000E+03       0.344031470000000E+02
      -0.114286802000000E+03       0.344053400000000E+02
      -0.114288663000000E+03       0.344066230000000E+02
      -0.114290219000000E+03       0.344082910000000E+02
      -0.114291751000000E+03       0.344111040000000E+02
      -0.114292226000000E+03       0.344176060000000E+02
      -0.114294836000000E+03       0.344213890000000E+02
      -0.114299101052770E+03       0.344251281676228E+02
      -0.114301016000000E+03       0.344268070000000E+02
      -0.114312251000000E+03       0.344327260000000E+02
      -0.114313902687751E+03       0.344334798571903E+02
      -0.114318065515635E+03       0.344353798396363E+02
      -0.114319054000000E+03       0.344358310000000E+02
      -0.114321020988285E+03       0.344362257319622E+02
      -0.114326130000000E+03       0.344372510000000E+02
      -0.114326424076750E+03       0.344377721617925E+02
      -0.114326488401101E+03       0.344378861571837E+02
      -0.114330669000000E+03       0.344452950000000E+02
      -0.114331680759923E+03       0.344465093733438E+02
      -0.114332123875473E+03       0.344470412265047E+02
      -0.114332991000000E+03       0.344480820000000E+02
      -0.114333402594265E+03       0.344484201261582E+02
      -0.114334909402486E+03       0.344496579744908E+02
      -0.114335372000000E+03       0.344500380000000E+02
      -0.114336315773043E+03       0.344503478592107E+02
      -0.114337553134838E+03       0.344507541093699E+02
      -0.114338008168495E+03       0.344509035058489E+02
      -0.114339627000000E+03       0.344514350000000E+02
      -0.114342615000000E+03       0.344514420000000E+02
      -0.114346737601033E+03       0.344509199883256E+02
      -0.114356025000000E+03       0.344497440000000E+02
      -0.114363404000000E+03       0.344477730000000E+02
      -0.114373295568842E+03       0.344469722767831E+02
      -0.114373719000000E+03       0.344469380000000E+02
      -0.114375789000000E+03       0.344477980000000E+02
      -0.114378852000000E+03       0.344503760000000E+02
      -0.114379335944535E+03       0.344508407026976E+02
      -0.114386699000000E+03       0.344579110000000E+02
      -0.114387229138127E+03       0.344598436080588E+02
      -0.114387407000000E+03       0.344604920000000E+02
      -0.114387187000000E+03       0.344620210000000E+02
      -0.114383525000000E+03       0.344704050000000E+02
      -0.114381701000000E+03       0.344760400000000E+02
      -0.114381684274776E+03       0.344762511273138E+02
      -0.114381684205289E+03       0.344762520044734E+02
      -0.114381555000000E+03       0.344778830000000E+02
      -0.114383038000000E+03       0.344889030000000E+02
      -0.114382447587044E+03       0.344948540152963E+02
      -0.114382425086721E+03       0.344950808053142E+02
      -0.114382358000000E+03       0.344957570000000E+02
      -0.114381402000000E+03       0.344992420000000E+02
      -0.114379700284590E+03       0.345034189378239E+02
      -0.114378124000000E+03       0.345072880000000E+02
      -0.114378223000000E+03       0.345165210000000E+02
      -0.114380328787478E+03       0.345271530122653E+02
      -0.114380838000000E+03       0.345297240000000E+02
      -0.114389603000000E+03       0.345429820000000E+02
      -0.114405228000000E+03       0.345696370000000E+02
      -0.114422382000000E+03       0.345807110000000E+02
      -0.114429747309287E+03       0.345917336426582E+02
      -0.114429747309287E+03       0.345958458982086E+02
      -0.114430089996420E+03       0.345968739629263E+02
      -0.114427502000000E+03       0.345992270000000E+02
      -0.114425338000000E+03       0.346008420000000E+02
      -0.114424326000000E+03       0.346023380000000E+02
      -0.114424202000000E+03       0.346104530000000E+02
      -0.114428648000000E+03       0.346146410000000E+02
      -0.114438739000000E+03       0.346214550000000E+02
      -0.114441398000000E+03       0.346301710000000E+02
      -0.114441525000000E+03       0.346315290000000E+02
      -0.114440294000000E+03       0.346382400000000E+02
      -0.114441465000000E+03       0.346425300000000E+02
      -0.114444276000000E+03       0.346465420000000E+02
      -0.114449549000000E+03       0.346514230000000E+02
      -0.114451752571490E+03       0.346543205589002E+02
      -0.114451971423912E+03       0.346571655937409E+02
      -0.114452627981180E+03       0.346595729322187E+02
      -0.114451785000000E+03       0.346638910000000E+02
      -0.114451752571490E+03       0.346650441494777E+02
      -0.114451971423912E+03       0.346667949434112E+02
      -0.114452627981180E+03       0.346685457331036E+02
      -0.114454305000000E+03       0.346712340000000E+02
      -0.114454910000000E+03       0.346730920000000E+02
      -0.114455473003297E+03       0.346757677400551E+02
      -0.114456567248445E+03       0.346779562345924E+02
      -0.114462178000000E+03       0.346858000000000E+02
      -0.114465246000000E+03       0.346912020000000E+02
      -0.114468090000000E+03       0.347017860000000E+02
      -0.114468620000000E+03       0.347075730000000E+02
      -0.114470477000000E+03       0.347113680000000E+02
      -0.114471620000000E+03       0.347129660000000E+02
      -0.114473682000000E+03       0.347139640000000E+02
      -0.114477297000000E+03       0.347145140000000E+02
      -0.114481953718071E+03       0.347160359326695E+02
      -0.114483960270929E+03       0.347173128265682E+02
      -0.114486768390786E+03       0.347190998072096E+02
      -0.114490971000000E+03       0.347248480000000E+02
      -0.114492017000000E+03       0.347257020000000E+02
      -0.114495858000000E+03       0.347279560000000E+02
      -0.114503361000000E+03       0.347312470000000E+02
      -0.114510292000000E+03       0.347335820000000E+02
      -0.114516619000000E+03       0.347367450000000E+02
      -0.114521048000000E+03       0.347411730000000E+02
      -0.114522619000000E+03       0.347437300000000E+02
      -0.114525611000000E+03       0.347470050000000E+02
      -0.114529615000000E+03       0.347508220000000E+02
      -0.114540306000000E+03       0.347571090000000E+02
      -0.114546884000000E+03       0.347618020000000E+02
      -0.114552682000000E+03       0.347668710000000E+02
      -0.114558653000000E+03       0.347738520000000E+02
      -0.114564044422844E+03       0.347827709500506E+02
      -0.114565975881275E+03       0.347859661328017E+02
      -0.114565977880407E+03       0.347859694399345E+02
      -0.114571010000000E+03       0.347942940000000E+02
      -0.114574569000000E+03       0.348057460000000E+02
      -0.114574580742586E+03       0.348058055797466E+02
      -0.114574845971828E+03       0.348071513047514E+02
      -0.114576452000000E+03       0.348153000000000E+02
      -0.114580656241652E+03       0.348250280431041E+02
      -0.114581126000000E+03       0.348261150000000E+02
      -0.114581451977237E+03       0.348266600252717E+02
      -0.114586599234341E+03       0.348352661022733E+02
      -0.114586632877438E+03       0.348353223526373E+02
      -0.114586842000000E+03       0.348356720000000E+02
      -0.114592339000000E+03       0.348411530000000E+02
      -0.114598006417097E+03       0.348453848168560E+02
      -0.114599745343053E+03       0.348466832595228E+02
      -0.114600653000000E+03       0.348473610000000E+02
      -0.114602194110298E+03       0.348483074008824E+02
      -0.114602903345173E+03       0.348487429443426E+02
      -0.114603119442228E+03       0.348488756502522E+02
      -0.114604255000000E+03       0.348495730000000E+02
      -0.114619878000000E+03       0.348568730000000E+02
      -0.114623939000000E+03       0.348597380000000E+02
      -0.114625132197275E+03       0.348609083702773E+02
      -0.114630314224221E+03       0.348659912601212E+02
      -0.114630471499303E+03       0.348661455263814E+02
      -0.114630682000000E+03       0.348663520000000E+02
      -0.114631054202786E+03       0.348670096923822E+02
      -0.114633994614859E+03       0.348722054799856E+02
      -0.114634382000000E+03       0.348728900000000E+02
      -0.114635176000000E+03       0.348750030000000E+02
      -0.114636768000000E+03       0.348857050000000E+02
      -0.114636725000000E+03       0.348891070000000E+02
      -0.114635425000000E+03       0.348951920000000E+02
      -0.114635321499539E+03       0.348954667040608E+02
      -0.114635291681649E+03       0.348955458447267E+02
      -0.114635156908264E+03       0.348959035513085E+02
      -0.114630877000000E+03       0.349072630000000E+02
      -0.114630625087800E+03       0.349108200002632E+02
      -0.114630625066710E+03       0.349108202980546E+02
      -0.114630552000000E+03       0.349118520000000E+02
      -0.114631944729466E+03       0.349167164383358E+02
      -0.114633237000000E+03       0.349212300000000E+02
      -0.114633243095896E+03       0.349225169959385E+02
      -0.114633253000000E+03       0.349246080000000E+02
      -0.114632819121894E+03       0.349270790938469E+02
      -0.114632766986413E+03       0.349273760244056E+02
      -0.114632722332520E+03       0.349276303445862E+02
      -0.114632196000000E+03       0.349306280000000E+02
      -0.114629753000000E+03       0.349386840000000E+02
      -0.114629769000000E+03       0.349430400000000E+02
      -0.114629811000000E+03       0.349448100000000E+02
      -0.114631681000000E+03       0.349513100000000E+02
      -0.114634953000000E+03       0.349589180000000E+02
      -0.114635168585999E+03       0.349636479871933E+02
      -0.114635171127811E+03       0.349637037548911E+02
      -0.114635237000000E+03       0.349651490000000E+02
      -0.114634607000000E+03       0.349690600000000E+02
      -0.114629907000000E+03       0.349807910000000E+02
      -0.114629015000000E+03       0.349861480000000E+02
      -0.114629190000000E+03       0.349918870000000E+02
      -0.114629928000000E+03       0.349947400000000E+02
      -0.114633013000000E+03       0.350020850000000E+02
      -0.114633013000000E+03       0.350020850000000E+02
      -0.114633999666704E+03       0.350100273587989E+02
      -0.114633999666704E+03       0.350165864446583E+02
      -0.114633286721928E+03       0.350249991825139E+02
      -0.114633150266118E+03       0.350258452111802E+02
      -0.114631860837903E+03       0.350338396911036E+02
      -0.114627124000000E+03       0.350447210000000E+02
      -0.114617822498291E+03       0.350511951729955E+02
      -0.114615380754445E+03       0.350528947127654E+02
      -0.114606694000000E+03       0.350589410000000E+02
      -0.114603619000000E+03       0.350642260000000E+02
      -0.114603076536562E+03       0.350675540246338E+02
      -0.114602908000000E+03       0.350685880000000E+02
      -0.114603138567534E+03       0.350693753099274E+02
      -0.114604736000000E+03       0.350748300000000E+02
      -0.114608778104347E+03       0.350788099995998E+02
      -0.114613132000000E+03       0.350830970000000E+02
      -0.114622517000000E+03       0.350887030000000E+02
      -0.114632199612940E+03       0.350924208488199E+02
      -0.114634018201592E+03       0.350931191352965E+02
      -0.114635585538844E+03       0.350937209483600E+02
      -0.114642831000000E+03       0.350965030000000E+02
      -0.114646759000000E+03       0.351018720000000E+02
      -0.114644635842731E+03       0.351054285309969E+02
      -0.114644352000000E+03       0.351059040000000E+02
      -0.114642015714164E+03       0.351079081048148E+02
      -0.114639661998914E+03       0.351099271608709E+02
      -0.114635018861541E+03       0.351139101212692E+02
      -0.114630625579614E+03       0.351176787515141E+02
      -0.114630124826924E+03       0.351181083054933E+02
      -0.114629934000000E+03       0.351182720000000E+02
      -0.114628369260110E+03       0.351187962323294E+02
      -0.114623684562652E+03       0.351203657391056E+02
      -0.114620668093879E+03       0.351213763418653E+02
      -0.114619905000000E+03       0.351216320000000E+02
      -0.114618688332395E+03       0.351215979321364E+02
      -0.114617566847507E+03       0.351215665294803E+02
      -0.114612977897510E+03       0.351214380344648E+02
      -0.114604009960943E+03       0.351211869236117E+02
      -0.114599120000000E+03       0.351210500000000E+02
      -0.114587740000000E+03       0.351237290000000E+02
      -0.114582272760979E+03       0.351267076249049E+02
      -0.114578524000000E+03       0.351287500000000E+02
      -0.114572747000000E+03       0.351387250000000E+02
      -0.114569783887378E+03       0.351614080093971E+02
      -0.114569735708209E+03       0.351617768271513E+02
      -0.114569569000000E+03       0.351630530000000E+02
      -0.114569465475355E+03       0.351694418154786E+02
      -0.114569425256772E+03       0.351719238244982E+02
      -0.114569238000000E+03       0.351834800000000E+02
      -0.114569747254432E+03       0.351865045930510E+02
      -0.114570937866580E+03       0.351935759448274E+02
      -0.114571936337160E+03       0.351995061184107E+02
      -0.114572119000000E+03       0.352005910000000E+02
      -0.114574835000000E+03       0.352058980000000E+02
      -0.114579963000000E+03       0.352096400000000E+02
      -0.114583559000000E+03       0.352299300000000E+02
      -0.114583111000000E+03       0.352380900000000E+02
      -0.114587129000000E+03       0.352623760000000E+02
      -0.114597503000000E+03       0.352969540000000E+02
      -0.114596580835952E+03       0.353135435669740E+02
      -0.114595931000000E+03       0.353252340000000E+02
      -0.114604314000000E+03       0.353535840000000E+02
      -0.114611435000000E+03       0.353690560000000E+02
      -0.114619870029019E+03       0.353907844456606E+02
      -0.114627137000000E+03       0.354095040000000E+02
      -0.114652005000000E+03       0.354291650000000E+02
      -0.114652441117802E+03       0.354298146948596E+02
      -0.114653658407402E+03       0.354316281195647E+02
      -0.114662125000000E+03       0.354442410000000E+02
      -0.114662515935718E+03       0.354451061613204E+02
      -0.114664500000000E+03       0.354494970000000E+02
      -0.114664974833946E+03       0.354538883918325E+02
      -0.114665115077098E+03       0.354551853981546E+02
      -0.114666100868571E+03       0.354643022623979E+02
      -0.114666377000000E+03       0.354668560000000E+02
      -0.114672901000000E+03       0.354817080000000E+02
      -0.114677643000000E+03       0.354897420000000E+02
      -0.114678968222842E+03       0.354984382446391E+02
      -0.114679205000000E+03       0.354999920000000E+02
      -0.114678997823915E+03       0.355013903349880E+02
      -0.114678892051916E+03       0.355021042430960E+02
      -0.114677251720103E+03       0.355131756626662E+02
      -0.114677205000000E+03       0.355134910000000E+02
      -0.114676799029851E+03       0.355140163731343E+02
      -0.114673805000000E+03       0.355178910000000E+02
      -0.114668148612335E+03       0.355213799867841E+02
      -0.114663105000000E+03       0.355244910000000E+02
      -0.114658005000000E+03       0.355304910000000E+02
      -0.114656905000000E+03       0.355343910000000E+02
      -0.114657405000000E+03       0.355363910000000E+02
      -0.114660205000000E+03       0.355392910000000E+02
      -0.114662005000000E+03       0.355454910000000E+02
      -0.114663005000000E+03       0.355636900000000E+02
      -0.114666183793534E+03       0.355775757604019E+02
      -0.114665648928760E+03       0.355804283644692E+02
      -0.114659606000000E+03       0.355874900000000E+02
      -0.114654306000000E+03       0.355975900000000E+02
      -0.114653406000000E+03       0.356107890000000E+02
      -0.114658206000000E+03       0.356190890000000E+02
      -0.114677107000000E+03       0.356414890000000E+02
      -0.114689407000000E+03       0.356514120000000E+02
      -0.114689768711508E+03       0.356594021530423E+02
      -0.114690008000000E+03       0.356646880000000E+02
      -0.114688076043963E+03       0.356680313414308E+02
      -0.114682207000000E+03       0.356781880000000E+02
      -0.114680689091401E+03       0.356851134579829E+02
      -0.114680607000000E+03       0.356854880000000E+02
      -0.114681047943642E+03       0.356861489916418E+02
      -0.114683208000000E+03       0.356893870000000E+02
      -0.114694108000000E+03       0.356951870000000E+02
      -0.114701208000000E+03       0.357011870000000E+02
      -0.114705409000000E+03       0.357082870000000E+02
      -0.114705309000000E+03       0.357115870000000E+02
      -0.114697309000000E+03       0.357336860000000E+02
      -0.114696433470135E+03       0.357458886974952E+02
      -0.114695709000000E+03       0.357559860000000E+02
      -0.114701409000000E+03       0.357690860000000E+02
      -0.114698910000000E+03       0.357901850000000E+02
      -0.114712110000000E+03       0.358061850000000E+02
      -0.114709910000000E+03       0.358101850000000E+02
      -0.114703710000000E+03       0.358145850000000E+02
      -0.114698546779176E+03       0.358249217680906E+02
      -0.114695710000000E+03       0.358306010000000E+02
      -0.114696410000000E+03       0.358337840000000E+02
      -0.114699847747642E+03       0.358432834155567E+02
      -0.114699847747642E+03       0.358483700328231E+02
      -0.114698102950038E+03       0.358537982738766E+02
      -0.114697766850818E+03       0.358548439123988E+02
      -0.114691755311877E+03       0.358580639667016E+02
      -0.114682010000000E+03       0.358632840000000E+02
      -0.114679501269615E+03       0.358680228808151E+02
      -0.114678114005066E+03       0.358719534472772E+02
      -0.114677420381752E+03       0.358747279629349E+02
      -0.114677882800282E+03       0.358763464367493E+02
      -0.114679038851086E+03       0.358800457984271E+02
      -0.114681119738949E+03       0.358853636249582E+02
      -0.114690332100577E+03       0.358932565717576E+02
      -0.114700271000000E+03       0.359017720000000E+02
      -0.114708516000000E+03       0.359123130000000E+02
      -0.114707993088145E+03       0.359206304676562E+02
      -0.114707526000000E+03       0.359280600000000E+02
      -0.114715692000000E+03       0.359347090000000E+02
      -0.114729356000000E+03       0.359414130000000E+02
      -0.114731159000000E+03       0.359439160000000E+02
      -0.114729996595975E+03       0.359489788607551E+02
      -0.114728318000000E+03       0.359562900000000E+02
      -0.114729941000000E+03       0.359621830000000E+02
      -0.114734169879130E+03       0.359675308213360E+02
      -0.114740595000000E+03       0.359756560000000E+02
      -0.114743756000000E+03       0.359850950000000E+02
      -0.114743243000000E+03       0.360065300000000E+02
      -0.114742912899201E+03       0.360089723190604E+02
      -0.114742779000000E+03       0.360099630000000E+02
      -0.114742194999938E+03       0.360108357657102E+02
      -0.114740770365582E+03       0.360129648271567E+02
      -0.114740522000000E+03       0.360133360000000E+02
      -0.114739724339561E+03       0.360140625988209E+02
      -0.114738138838180E+03       0.360155068517600E+02
      -0.114731162030739E+03       0.360218621124830E+02
      -0.114729707402716E+03       0.360281655193779E+02
      -0.114730434712029E+03       0.360313172228254E+02
      -0.114734313729488E+03       0.360356811162925E+02
      -0.114739404941666E+03       0.360378630724224E+02
      -0.114739809727523E+03       0.360389155131414E+02
      -0.114740617136383E+03       0.360410147711717E+02
      -0.114740374703078E+03       0.360436815939131E+02
      -0.114740374703078E+03       0.360492576914944E+02
      -0.114740327337119E+03       0.360493240037631E+02
      -0.114736738118924E+03       0.360543489036715E+02
      -0.114736253242916E+03       0.360584703544366E+02
      -0.114737008771789E+03       0.360597562199208E+02
      -0.114743342000000E+03       0.360705350000000E+02
      -0.114747680177296E+03       0.360741262864942E+02
      -0.114754099000000E+03       0.360794400000000E+02
      -0.114755491000000E+03       0.360816010000000E+02
      -0.114755618000000E+03       0.360871660000000E+02
      -0.114753638000000E+03       0.360907050000000E+02
      -0.114747079000000E+03       0.360970050000000E+02
      -0.114736165000000E+03       0.361043670000000E+02
      -0.114717293000000E+03       0.361076860000000E+02
      -0.114709771000000E+03       0.361077420000000E+02
      -0.114701980225482E+03       0.361094721611791E+02
      -0.114689373952337E+03       0.361122717396240E+02
      -0.114674144385562E+03       0.361156538943956E+02
      -0.114670502787827E+03       0.361164626138647E+02
      -0.114666537829171E+03       0.361173431447449E+02
      -0.114662889733704E+03       0.361199321199877E+02
      -0.114659950000000E+03       0.361241450000000E+02
      -0.114649704668932E+03       0.361307351203347E+02
      -0.114631716000000E+03       0.361423060000000E+02
      -0.114627855000000E+03       0.361410120000000E+02
      -0.114621883000000E+03       0.361321300000000E+02
      -0.114616694000000E+03       0.361301010000000E+02
      -0.114608264000000E+03       0.361339490000000E+02
      -0.114597212000000E+03       0.361421030000000E+02
      -0.114577890698318E+03       0.361493976910405E+02
      -0.114572031000000E+03       0.361516100000000E+02
      -0.114560042106090E+03       0.361519014760428E+02
      -0.114554564847877E+03       0.361520346400829E+02
      -0.114545789000000E+03       0.361522480000000E+02
      -0.114539516625161E+03       0.361520101255051E+02
      -0.114515783125331E+03       0.361511100526573E+02
      -0.114511721000000E+03       0.361509560000000E+02
      -0.114506711416895E+03       0.361482767905222E+02
      -0.114504630926242E+03       0.361456288813318E+02
      -0.114504820058424E+03       0.361424135609347E+02
      -0.114505178338532E+03       0.361393084373492E+02
      -0.114505387462300E+03       0.361374960142482E+02
      -0.114506144013019E+03       0.361346589728758E+02
      -0.114505765741325E+03       0.361314436524787E+02
      -0.114504441786730E+03       0.361297414261892E+02
      -0.114502172149234E+03       0.361287957432883E+02
      -0.114497063286275E+03       0.361279974822909E+02
      -0.114496119787464E+03       0.361278500603874E+02
      -0.114487034000000E+03       0.361293960000000E+02
      -0.114470152000000E+03       0.361388010000000E+02
      -0.114463637000000E+03       0.361396950000000E+02
      -0.114458369000000E+03       0.361385860000000E+02
      -0.114453325000000E+03       0.361307260000000E+02
      -0.114448654000000E+03       0.361264100000000E+02
      -0.114446605000000E+03       0.361259700000000E+02
      -0.114427169000000E+03       0.361363050000000E+02
      -0.114416950000000E+03       0.361457610000000E+02
      -0.114412373000000E+03       0.361472540000000E+02
      -0.114405475000000E+03       0.361473710000000E+02
      -0.114377871376463E+03       0.361438495092332E+02
      -0.114372106000000E+03       0.361431140000000E+02
      -0.114363109000000E+03       0.361302460000000E+02
      -0.114359420765662E+03       0.361270731134701E+02
      -0.114337273000000E+03       0.361080200000000E+02
      -0.114332566226349E+03       0.361066244770683E+02
      -0.114328777000000E+03       0.361055010000000E+02
      -0.114308430000000E+03       0.360824430000000E+02
      -0.114305738000000E+03       0.360748820000000E+02
      -0.114307879000000E+03       0.360712910000000E+02
      -0.114314206000000E+03       0.360666190000000E+02
      -0.114316109000000E+03       0.360631090000000E+02
      -0.114315557000000E+03       0.360594940000000E+02
      -0.114314028000000E+03       0.360581650000000E+02
      -0.114280202000000E+03       0.360463620000000E+02
      -0.114270645000000E+03       0.360357200000000E+02
      -0.114266721000000E+03       0.360292380000000E+02
      -0.114263146000000E+03       0.360259370000000E+02
      -0.114252651000000E+03       0.360201930000000E+02
      -0.114250222260189E+03       0.360192055135278E+02
      -0.114238799000000E+03       0.360145610000000E+02
      -0.114236394382271E+03       0.360144422965477E+02
      -0.114235186046425E+03       0.360143826473008E+02
      -0.114233289000000E+03       0.360142890000000E+02
      -0.114213690000000E+03       0.360156130000000E+02
      -0.114192380000000E+03       0.360209930000000E+02
      -0.114176824000000E+03       0.360276510000000E+02
      -0.114166465000000E+03       0.360277380000000E+02
      -0.114163085858678E+03       0.360266761798326E+02
      -0.114154130000000E+03       0.360238620000000E+02
      -0.114151725000000E+03       0.360245630000000E+02
      -0.114148191000000E+03       0.360280130000000E+02
      -0.114140326460181E+03       0.360384615241709E+02
      -0.114138202000000E+03       0.360412840000000E+02
      -0.114137188000000E+03       0.360467850000000E+02
      -0.114138203000000E+03       0.360531610000000E+02
      -0.114136896000000E+03       0.360594670000000E+02
      -0.114127911612263E+03       0.360738283620215E+02
      -0.114114531000000E+03       0.360952170000000E+02
      -0.114114165000000E+03       0.360969820000000E+02
      -0.114117459000000E+03       0.361008930000000E+02
      -0.114119350358579E+03       0.361021577352665E+02
      -0.114123221000000E+03       0.361047460000000E+02
      -0.114123975000000E+03       0.361065150000000E+02
      -0.114123144000000E+03       0.361115760000000E+02
      -0.114120862000000E+03       0.361145960000000E+02
      -0.114111011000000E+03       0.361198750000000E+02
      -0.114103222000000E+03       0.361201760000000E+02
      -0.114099870000000E+03       0.361216540000000E+02
      -0.114088954000000E+03       0.361443810000000E+02
      -0.114074744459492E+03       0.361690166643906E+02
      -0.114068027000000E+03       0.361806630000000E+02
      -0.114060302000000E+03       0.361893630000000E+02
      -0.114046838000000E+03       0.361940690000000E+02
      -0.114046838000000E+03       0.361940690000000E+02
      -0.114046829873944E+03       0.361984465491500E+02
      -0.114046743000000E+03       0.362452460000000E+02
      -0.114047106000000E+03       0.362505910000000E+02
      -0.114048226000000E+03       0.362688740000000E+02
      -0.114048515000000E+03       0.362895980000000E+02
      -0.114046935000000E+03       0.363154490000000E+02
      -0.114047584000000E+03       0.363255730000000E+02
      -0.114045806000000E+03       0.363910710000000E+02
      -0.114045829000000E+03       0.364429730000000E+02
      -0.114046488000000E+03       0.364734490000000E+02
      -0.114048476000000E+03       0.364999800000000E+02
      -0.114049660000000E+03       0.366211130000000E+02
      -0.114050167000000E+03       0.366249780000000E+02
      -0.114050562000000E+03       0.366562590000000E+02
      -0.114050619000000E+03       0.368431280000000E+02
      -0.114049995000000E+03       0.369577690000000E+02
      -0.114050600000000E+03       0.370003960000000E+02
      -0.114050600000000E+03       0.370003960000000E+02
      -0.113965907000000E+03       0.370000250000000E+02
      -0.113965907000000E+03       0.370000250000000E+02
      -0.113965907000000E+03       0.369999760000000E+02
      -0.113965907000000E+03       0.369999760000000E+02
      -0.113121208562104E+03       0.370001813775533E+02
      -0.113079893661176E+03       0.370001914227398E+02
      -0.113010326908168E+03       0.370002083370004E+02
      -0.112966471000000E+03       0.370002190000000E+02
      -0.112966471000000E+03       0.370002190000000E+02
      -0.112953404953414E+03       0.370002385614855E+02
      -0.112861654007697E+03       0.370003759239828E+02
      -0.112829502842627E+03       0.370004240582477E+02
      -0.112609787000000E+03       0.370007530000000E+02
      -0.112609787000000E+03       0.370007530000000E+02
      -0.112558974000000E+03       0.370006920000000E+02
      -0.112558974000000E+03       0.370006920000000E+02
      -0.112545094000000E+03       0.370007340000000E+02
      -0.112545094000000E+03       0.370007340000000E+02
      -0.112540368000000E+03       0.370006690000000E+02
      -0.112540368000000E+03       0.370006690000000E+02
      -0.112539999474986E+03       0.370006699803141E+02
      -0.112535142811954E+03       0.370006828995330E+02
      -0.112461278023177E+03       0.370008793874032E+02
      -0.112375222354960E+03       0.370011083042558E+02
      -0.112368946000000E+03       0.370011250000000E+02
      -0.112368946000000E+03       0.370011250000000E+02
      -0.112357690000000E+03       0.370010250000000E+02
      -0.112357690000000E+03       0.370010250000000E+02
      -0.112032888050818E+03       0.370011806066622E+02
      -0.111714198997479E+03       0.370013332847480E+02
      -0.111714198997471E+03       0.370013332847480E+02
      -0.111640078411106E+03       0.370013687945628E+02
      -0.111572843020685E+03       0.370014010058063E+02
      -0.111411671195271E+03       0.370014782202746E+02
      -0.111405869000000E+03       0.370014810000000E+02
      -0.111405869000000E+03       0.370014810000000E+02
      -0.111405517000000E+03       0.370014970000000E+02
      -0.111405517000000E+03       0.370014970000000E+02
      -0.111404771811607E+03       0.370014909556050E+02
      -0.111402051442525E+03       0.370014688900636E+02
      -0.111399762915079E+03       0.370014503272894E+02
      -0.111398167411558E+03       0.370014373857922E+02
      -0.111397196120294E+03       0.370014295074246E+02
      -0.111395503582451E+03       0.370014157788596E+02
      -0.111394645695943E+03       0.370014088203442E+02
      -0.111393022000000E+03       0.370013956501717E+02
      -0.111392556144232E+03       0.370013918715081E+02
      -0.111391151436477E+03       0.370013804775994E+02
      -0.111364140084095E+03       0.370011613822872E+02
      -0.111315903564756E+03       0.370007701247481E+02
      -0.111297259317170E+03       0.370006188969537E+02
      -0.111278286000000E+03       0.370004650000000E+02
      -0.111254853000000E+03       0.370010770000000E+02
      -0.111252875345551E+03       0.370010721348411E+02
      -0.111244437762394E+03       0.370010513778362E+02
      -0.111234942905974E+03       0.370010280198702E+02
      -0.111143184780604E+03       0.370008022888977E+02
      -0.111142168421927E+03       0.370007997885890E+02
      -0.111140367497387E+03       0.370007953581972E+02
      -0.111139990424169E+03       0.370007944305725E+02
      -0.111133718000000E+03       0.370007790000000E+02
      -0.111093575522976E+03       0.370017404320908E+02
      -0.111066496000000E+03       0.370023890000000E+02
      -0.111061073262886E+03       0.370024028742506E+02
      -0.111060226194533E+03       0.370024050415028E+02
      -0.110750690000000E+03       0.370031970000000E+02
      -0.110702061586381E+03       0.370034008503099E+02
      -0.110625690000000E+03       0.370037210000000E+02
      -0.110625610513601E+03       0.370034357840968E+02
      -0.110625605000000E+03       0.370034160000000E+02
      -0.110599512000000E+03       0.370034480000000E+02
      -0.110500690000000E+03       0.370042600000000E+02
      -0.110490908000000E+03       0.370035660000000E+02
      -0.110470190000000E+03       0.369979970000000E+02
      -0.110467607681982E+03       0.369980004840780E+02
      -0.110275911089294E+03       0.369982591222023E+02
      -0.110146777554681E+03       0.369984333498957E+02
      -0.110021778000000E+03       0.369986020000000E+02
      -0.110000876000000E+03       0.369985020000000E+02
      -0.110000677000000E+03       0.369979680000000E+02
      -0.109933852918393E+03       0.369982545324929E+02
      -0.109891021353034E+03       0.369984381883682E+02
      -0.109875673000000E+03       0.369985040000000E+02
      -0.109778911183507E+03       0.369984281402531E+02
      -0.109699272189138E+03       0.369983657045302E+02
      -0.109625668000000E+03       0.369983080000000E+02
      -0.109495338000000E+03       0.369991050000000E+02
      -0.109471562894431E+03       0.369991139590011E+02
      -0.109382554467073E+03       0.369991474994034E+02
      -0.109381226000000E+03       0.369991480000000E+02
END
END
