         1      -0.986730895100217E+02       0.398773296913580E+02
      -0.102051744000000E+03       0.400030780000000E+02
      -0.101916696000000E+03       0.400031420000000E+02
      -0.101904176000000E+03       0.400031620000000E+02
      -0.101861740775252E+03       0.400029079974513E+02
      -0.101841025000000E+03       0.400027840000000E+02
      -0.101832161000000E+03       0.400029330000000E+02
      -0.101807687000000E+03       0.400027980000000E+02
      -0.101804862000000E+03       0.400027520000000E+02
      -0.101783266423092E+03       0.400027359664766E+02
      -0.101748492901329E+03       0.400027101490569E+02
      -0.101627071000000E+03       0.400026200000000E+02
      -0.101625809000000E+03       0.400027110000000E+02
      -0.101579641080501E+03       0.400026546275643E+02
      -0.101542273000000E+03       0.400026090000000E+02
      -0.101417209000000E+03       0.400024240000000E+02
      -0.101411050023558E+03       0.400023645831931E+02
      -0.101409953000000E+03       0.400023540000000E+02
      -0.101387325211262E+03       0.400024600667673E+02
      -0.101374326000000E+03       0.400025210000000E+02
      -0.101342859000000E+03       0.400025800000000E+02
      -0.101324036000000E+03       0.400026960000000E+02
      -0.101324036000000E+03       0.400026960000000E+02
      -0.101293991000000E+03       0.400025590000000E+02
      -0.101286555000000E+03       0.400025590000000E+02
      -0.101248673000000E+03       0.400025430000000E+02
      -0.101215033000000E+03       0.400025550000000E+02
      -0.101192219000000E+03       0.400024910000000E+02
      -0.101186892990734E+03       0.400024818678833E+02
      -0.101186892990734E+03       0.400024818678833E+02
      -0.101178805000000E+03       0.400024680000000E+02
      -0.101168704000000E+03       0.400025470000000E+02
      -0.101130907000000E+03       0.400024270000000E+02
      -0.101104950380573E+03       0.400023828748501E+02
      -0.101104950380568E+03       0.400023828748501E+02
      -0.101060317000000E+03       0.400023070000000E+02
      -0.101027686000000E+03       0.400022560000000E+02
      -0.100962089380046E+03       0.400021753296534E+02
      -0.100937427000000E+03       0.400021450000000E+02
      -0.100764559455237E+03       0.400022969633842E+02
      -0.100758830000000E+03       0.400023020000000E+02
      -0.100758830000000E+03       0.400023020000000E+02
      -0.100752183000000E+03       0.400021280000000E+02
      -0.100738830988776E+03       0.400022283857465E+02
      -0.100738830988776E+03       0.400022283857465E+02
      -0.100733296000000E+03       0.400022700000000E+02
      -0.100729904000000E+03       0.400021110000000E+02
      -0.100721128000000E+03       0.400020690000000E+02
      -0.100683435000000E+03       0.400022340000000E+02
      -0.100660230000000E+03       0.400021620000000E+02
      -0.100645445000000E+03       0.400018830000000E+02
      -0.100626504856699E+03       0.400018927892875E+02
      -0.100600945000000E+03       0.400019060000000E+02
      -0.100594757000000E+03       0.400019770000000E+02
      -0.100567238000000E+03       0.400018890000000E+02
      -0.100551886000000E+03       0.400018890000000E+02
      -0.100514429898999E+03       0.400018440390988E+02
      -0.100514429898999E+03       0.400018440390988E+02
      -0.100511065000000E+03       0.400018400000000E+02
      -0.100487159000000E+03       0.400017670000000E+02
      -0.100477018000000E+03       0.400017520000000E+02
      -0.100475854000000E+03       0.400017680000000E+02
      -0.100468773000000E+03       0.400017240000000E+02
      -0.100447072000000E+03       0.400017950000000E+02
      -0.100439081000000E+03       0.400017740000000E+02
      -0.100402449685832E+03       0.400018001646904E+02
      -0.100390080000000E+03       0.400018090000000E+02
      -0.100290126736824E+03       0.400016916513814E+02
      -0.100290126736824E+03       0.400016916513814E+02
      -0.100231652000000E+03       0.400016230000000E+02
      -0.100229479000000E+03       0.400016930000000E+02
      -0.100215406000000E+03       0.400016290000000E+02
      -0.100196959000000E+03       0.400014940000000E+02
      -0.100193590000000E+03       0.400015730000000E+02
      -0.100193590000000E+03       0.400015730000000E+02
      -0.100190323000000E+03       0.400015860000000E+02
      -0.100188181000000E+03       0.400015410000000E+02
      -0.100177823000000E+03       0.400015930000000E+02
      -0.100177823000000E+03       0.400015930000000E+02
      -0.999909260000000E+02       0.400015030000000E+02
      -0.999866110000000E+02       0.400015500000000E+02
      -0.999481670000000E+02       0.400018130000000E+02
      -0.999444170000000E+02       0.400015840000000E+02
      -0.999304330000000E+02       0.400015160000000E+02
      -0.999066580000000E+02       0.400015120000000E+02
      -0.998501547576157E+02       0.400014441406098E+02
      -0.998501547576157E+02       0.400014441406098E+02
      -0.998134010000000E+02       0.400014000000000E+02
      -0.997756400000000E+02       0.400016470000000E+02
      -0.997721210000000E+02       0.400018040000000E+02
      -0.997642140000000E+02       0.400015510000000E+02
      -0.997568350000000E+02       0.400013420000000E+02
      -0.997466280000000E+02       0.400018200000000E+02
      -0.997377748558214E+02       0.400018242246922E+02
      -0.997377748558214E+02       0.400018242246922E+02
      -0.997319590000000E+02       0.400018270000000E+02
      -0.997196390000000E+02       0.400018080000000E+02
      -0.996283460000000E+02       0.400018660000000E+02
      -0.996283460000000E+02       0.400018660000000E+02
      -0.996259800000000E+02       0.400018650000000E+02
      -0.996259800000000E+02       0.400018650000000E+02
      -0.995153403655788E+02       0.400020084356068E+02
      -0.995017920000000E+02       0.400020260000000E+02
      -0.994989990000000E+02       0.400019570000000E+02
      -0.994976600000000E+02       0.400019120000000E+02
      -0.994934650000000E+02       0.400019370000000E+02
      -0.994807280000000E+02       0.400019420000000E+02
      -0.994235650000000E+02       0.400022700000000E+02
      -0.994126450000000E+02       0.400018680000000E+02
      -0.994033890000000E+02       0.400019690000000E+02
      -0.994033890000000E+02       0.400019690000000E+02
      -0.993667471461289E+02       0.400019624966449E+02
      -0.992907030000000E+02       0.400019490000000E+02
      -0.992907030000000E+02       0.400019490000000E+02
      -0.992866560000000E+02       0.400020170000000E+02
      -0.992829670000000E+02       0.400018790000000E+02
      -0.992540120000000E+02       0.400020740000000E+02
      -0.992503700000000E+02       0.400019570000000E+02
      -0.992163760000000E+02       0.400020160000000E+02
      -0.991975920000000E+02       0.400020330000000E+02
      -0.991889050000000E+02       0.400020230000000E+02
      -0.991869620000000E+02       0.400019770000000E+02
      -0.991789650000000E+02       0.400019770000000E+02
      -0.991789650000000E+02       0.400019770000000E+02
      -0.991698160000000E+02       0.400019250000000E+02
      -0.991230330000000E+02       0.400021650000000E+02
      -0.991135100000000E+02       0.400021930000000E+02
      -0.990855970000000E+02       0.400021330000000E+02
      -0.990670470507316E+02       0.400021702369076E+02
      -0.990203380000000E+02       0.400022640000000E+02
      -0.990187010000000E+02       0.400023330000000E+02
      -0.989921350000000E+02       0.400021920000000E+02
      -0.989722870000000E+02       0.400022450000000E+02
      -0.989717210000000E+02       0.400022680000000E+02
      -0.989610090000000E+02       0.400023170000000E+02
      -0.989609190000000E+02       0.400022710000000E+02
      -0.989538880725802E+02       0.400022532390167E+02
      -0.989538880725802E+02       0.400022532390167E+02
      -0.989347920000000E+02       0.400022050000000E+02
      -0.988435956659672E+02       0.400023486076859E+02
      -0.988421340053280E+02       0.400023509093761E+02
      -0.988344560000000E+02       0.400023630000000E+02
      -0.988205900000000E+02       0.400023190000000E+02
      -0.987772030000000E+02       0.400023590000000E+02
      -0.987749410000000E+02       0.400023360000000E+02
      -0.987293306069367E+02       0.400022291138262E+02
      -0.987262950000000E+02       0.400022220000000E+02
      -0.987262950000000E+02       0.400022220000000E+02
      -0.987104040000000E+02       0.400021800000000E+02
      -0.986930960000000E+02       0.400023730000000E+02
      -0.986914430000000E+02       0.400025050000000E+02
      -0.986902870000000E+02       0.400025480000000E+02
      -0.986728190000000E+02       0.400023640000000E+02
      -0.986697240000000E+02       0.400024100000000E+02
      -0.986538330000000E+02       0.400022690000000E+02
      -0.986524940000000E+02       0.400022450000000E+02
      -0.986407100000000E+02       0.400024930000000E+02
      -0.986163723798205E+02       0.400024090304702E+02
      -0.986137550000000E+02       0.400024000000000E+02
      -0.985933420000000E+02       0.400024760000000E+02
      -0.985752190000000E+02       0.400024800000000E+02
      -0.985605780000000E+02       0.400022740000000E+02
      -0.985431860000000E+02       0.400022850000000E+02
      -0.985230530000000E+02       0.400023360000000E+02
      -0.985066345854660E+02       0.400023294366732E+02
      -0.985044550000000E+02       0.400023285653752E+02
      -0.985044550000000E+02       0.400023285653752E+02
      -0.985008480179074E+02       0.400023271234696E+02
      -0.984905330000000E+02       0.400023230000000E+02
      -0.984419975546753E+02       0.400023662635668E+02
      -0.983918483019960E+02       0.400024109656505E+02
      -0.982740150000000E+02       0.400025160000000E+02
      -0.982740150000000E+02       0.400025160000000E+02
      -0.982682180000000E+02       0.400024900000000E+02
      -0.982682180000000E+02       0.400024900000000E+02
      -0.982500080000000E+02       0.400023070000000E+02
      -0.982132904324259E+02       0.400025064213754E+02
      -0.982132904324259E+02       0.400025064213754E+02
      -0.981934830000000E+02       0.400026140000000E+02
      -0.981793150000000E+02       0.400024830000000E+02
      -0.981722690000000E+02       0.400024380000000E+02
      -0.981568731519347E+02       0.400024451281789E+02
      -0.981568731519347E+02       0.400024451281789E+02
      -0.981420310000000E+02       0.400024520000000E+02
      -0.980996590000000E+02       0.400022270000000E+02
      -0.980760340000000E+02       0.400023010000000E+02
      -0.980687010000000E+02       0.400023550000000E+02
      -0.980500570000000E+02       0.400022780000000E+02
      -0.980474690000000E+02       0.400021860000000E+02
      -0.980427679781652E+02       0.400021912617542E+02
      -0.980144120000000E+02       0.400022230000000E+02
      -0.980101570000000E+02       0.400021530000000E+02
      -0.979721860000000E+02       0.400021140000000E+02
      -0.979318110000000E+02       0.400020500000000E+02
      -0.979318110000000E+02       0.400020500000000E+02
      -0.978762610000000E+02       0.400021020000000E+02
      -0.978574500000000E+02       0.400020650000000E+02
      -0.978383790000000E+02       0.400019100000000E+02
      -0.978215980000000E+02       0.400020040000000E+02
      -0.978215980000000E+02       0.400020040000000E+02
      -0.978194260000000E+02       0.400019580000000E+02
      -0.978194260000000E+02       0.400019580000000E+02
      -0.977771550000000E+02       0.400021670000000E+02
      -0.977707760000000E+02       0.400019770000000E+02
      -0.977692040000000E+02       0.400019950000000E+02
      -0.977677460000000E+02       0.400019940000000E+02
      -0.977148259520229E+02       0.400019745038684E+02
      -0.977069524729120E+02       0.400019716032213E+02
      -0.977011604240724E+02       0.400019694693883E+02
      -0.976137095905128E+02       0.400019372518635E+02
      -0.975959642074103E+02       0.400019307143350E+02
      -0.975936715750733E+02       0.400019298697125E+02
      -0.975153080000000E+02       0.400019010000000E+02
      -0.975113810000000E+02       0.400018990000000E+02
      -0.975102640000000E+02       0.400018350000000E+02
      -0.974889695118489E+02       0.400019310946697E+02
      -0.974812340944942E+02       0.400019660019363E+02
      -0.974632850000000E+02       0.400020470000000E+02
      -0.974446620000000E+02       0.400019580000000E+02
      -0.974254430000000E+02       0.400020480000000E+02
      -0.974178260000000E+02       0.400020240000000E+02
      -0.974158330000000E+02       0.400020010000000E+02
      -0.973691030000000E+02       0.400020600000000E+02
      -0.973691030000000E+02       0.400020600000000E+02
      -0.973508960000000E+02       0.400019300000000E+02
      -0.973502720000000E+02       0.400019760000000E+02
      -0.972565413888709E+02       0.400015630976761E+02
      -0.972565413888709E+02       0.400015630976761E+02
      -0.972451690000000E+02       0.400015130000000E+02
      -0.972450800000000E+02       0.400014670000000E+02
      -0.972023100000000E+02       0.400014420000000E+02
      -0.972001900000000E+02       0.400015490000000E+02
      -0.971817750000000E+02       0.400015500000000E+02
      -0.971651360388001E+02       0.400015267299091E+02
      -0.971642880935390E+02       0.400015255440320E+02
      -0.971577057851507E+02       0.400015163384744E+02
      -0.971441503906217E+02       0.400014973808448E+02
      -0.971424480000000E+02       0.400014950000000E+02
      -0.971378660000000E+02       0.400018140000000E+02
      -0.970496630000000E+02       0.400013230000000E+02
      -0.970308030000000E+02       0.400013420000000E+02
      -0.970308030000000E+02       0.400013420000000E+02
      -0.970091650000000E+02       0.400014630000000E+02
      -0.969181877143808E+02       0.400015050322254E+02
      -0.969160930000000E+02       0.400015060000000E+02
      -0.969160930000000E+02       0.400015060000000E+02
      -0.968804590000000E+02       0.400014480000000E+02
      -0.968782530000000E+02       0.400014660000000E+02
      -0.968750570000000E+02       0.400014480000000E+02
      -0.968738120000000E+02       0.400014500000000E+02
      -0.968688923425731E+02       0.400014442860894E+02
      -0.968053017971002E+02       0.400013704291807E+02
      -0.966932460654831E+02       0.400012402826333E+02
      -0.966932460654831E+02       0.400012402826333E+02
      -0.966224010000000E+02       0.400011580000000E+02
      -0.966103490000000E+02       0.400008810000000E+02
      -0.966048840000000E+02       0.400008910000000E+02
      -0.965817880133557E+02       0.400009630788531E+02
      -0.965808520000000E+02       0.400009660000000E+02
      -0.965708540000000E+02       0.400010910000000E+02
      -0.965578630000000E+02       0.400009680000000E+02
      -0.965578630000000E+02       0.400009680000000E+02
      -0.965389770000000E+02       0.400008510000000E+02
      -0.965271110000000E+02       0.400010310000000E+02
      -0.964699450000000E+02       0.400009660000000E+02
      -0.964675360000000E+02       0.400010350000000E+02
      -0.964636400000000E+02       0.400009670000000E+02
      -0.964636400000000E+02       0.400009670000000E+02
      -0.963548129133415E+02       0.400007357804929E+02
      -0.963509537257147E+02       0.400007275810686E+02
      -0.963418110577173E+02       0.400007081560959E+02
      -0.963045550000000E+02       0.400006290000000E+02
      -0.963010660000000E+02       0.400006320000000E+02
      -0.962391720000000E+02       0.400006910000000E+02
      -0.962391720000000E+02       0.400006910000000E+02
      -0.962238390000000E+02       0.400007290000000E+02
      -0.962201710000000E+02       0.400007200000000E+02
      -0.961543650000000E+02       0.400004950000000E+02
      -0.961542460000000E+02       0.400004500000000E+02
      -0.961471670000000E+02       0.400004790000000E+02
      -0.961259370000000E+02       0.400004320000000E+02
      -0.961259370000000E+02       0.400004320000000E+02
      -0.961257880000000E+02       0.400004670000000E+02
      -0.960897810000000E+02       0.400005190000000E+02
      -0.960813950000000E+02       0.400006030000000E+02
      -0.960516910000000E+02       0.400007270000000E+02
      -0.960240900000000E+02       0.400007190000000E+02
      -0.960147169978981E+02       0.400006623929936E+02
      -0.960147169978981E+02       0.400006623929936E+02
      -0.960106780000000E+02       0.400006380000000E+02
      -0.960106780000000E+02       0.400006380000000E+02
      -0.959953895000074E+02       0.400006039537772E+02
      -0.959581390000000E+02       0.400005210000000E+02
      -0.959015604355939E+02       0.400004828394924E+02
      -0.959015604355939E+02       0.400004828394924E+02
      -0.958825240000000E+02       0.400004700000000E+02
      -0.958825240000000E+02       0.400004700000000E+02
      -0.957880240000000E+02       0.400004520000000E+02
      -0.957880240000000E+02       0.400004520000000E+02
      -0.957845750000000E+02       0.400004630000000E+02
      -0.956728918277560E+02       0.400003366695949E+02
      -0.956728918277560E+02       0.400003366695949E+02
      -0.956587622615553E+02       0.400003206869380E+02
      -0.956396517080707E+02       0.400002990700381E+02
      -0.955652167891437E+02       0.400002148729896E+02
      -0.954631033277814E+02       0.400000993673617E+02
      -0.954551306582794E+02       0.400000903490777E+02
      -0.954520480666695E+02       0.400000868622046E+02
      -0.954386558509676E+02       0.400000717136016E+02
      -0.954360118087058E+02       0.400000687227936E+02
      -0.954262695594900E+02       0.400000577028497E+02
      -0.954262695594900E+02       0.400000577028497E+02
      -0.954214874505656E+02       0.400000522935679E+02
      -0.954148444797360E+02       0.400000447793723E+02
      -0.953752570000000E+02       0.400000000000000E+02
      -0.953398960000000E+02       0.399999990000000E+02
      -0.953398960000000E+02       0.399999990000000E+02
      -0.953264486039704E+02       0.399999985745303E+02
      -0.953082900000000E+02       0.399999980000000E+02
      -0.953082900000000E+02       0.399999980000000E+02
      -0.953084040000000E+02       0.399937580000000E+02
      -0.953077800000000E+02       0.399906180000000E+02
      -0.953071110000000E+02       0.399891140000000E+02
      -0.953025070000000E+02       0.399843570000000E+02
      -0.952897150000000E+02       0.399777060000000E+02
      -0.952747570000000E+02       0.399721150000000E+02
      -0.952698860000000E+02       0.399693960000000E+02
      -0.952618540000000E+02       0.399606180000000E+02
      -0.952576520000000E+02       0.399548860000000E+02
      -0.952502540000000E+02       0.399486440000000E+02
      -0.952413830000000E+02       0.399449490000000E+02
      -0.952367610000000E+02       0.399439310000000E+02
      -0.952311140000000E+02       0.399437840000000E+02
      -0.952202120000000E+02       0.399444330000000E+02
      -0.952164400000000E+02       0.399439530000000E+02
      -0.952137370000000E+02       0.399432060000000E+02
      -0.952044280000000E+02       0.399389490000000E+02
      -0.952012770000000E+02       0.399341940000000E+02
      -0.952006900000000E+02       0.399281550000000E+02
      -0.952020100000000E+02       0.399224380000000E+02
      -0.952057450000000E+02       0.399151690000000E+02
      -0.952063260000000E+02       0.399121210000000E+02
      -0.952061960000000E+02       0.399095570000000E+02
      -0.952057330000000E+02       0.399082750000000E+02
      -0.952026311271070E+02       0.399048268411390E+02
      -0.952019350000000E+02       0.399040530000000E+02
      -0.951998244696315E+02       0.399029569594995E+02
      -0.951997733901952E+02       0.399029304329298E+02
      -0.951997306823696E+02       0.399029082539045E+02
      -0.951993470000000E+02       0.399027090000000E+02
      -0.951938160000000E+02       0.399006900000000E+02
      -0.951895650000000E+02       0.398999590000000E+02
      -0.951794530000000E+02       0.399000620000000E+02
      -0.951722960000000E+02       0.399020260000000E+02
      -0.951598340000000E+02       0.399069840000000E+02
      -0.951560240000000E+02       0.399072430000000E+02
      -0.951531854818646E+02       0.399066656667213E+02
      -0.951517011324024E+02       0.399063637611844E+02
      -0.951496570000000E+02       0.399059480000000E+02
      -0.951482439782907E+02       0.399052556115167E+02
      -0.951460550000000E+02       0.399041830000000E+02
      -0.951438020000000E+02       0.399019180000000E+02
      -0.951425630000000E+02       0.398979920000000E+02
      -0.951424450000000E+02       0.398954200000000E+02
      -0.951434030000000E+02       0.398893560000000E+02
      -0.951427180000000E+02       0.398858890000000E+02
      -0.951406010000000E+02       0.398816880000000E+02
      -0.951370920000000E+02       0.398783510000000E+02
      -0.951347470000000E+02       0.398768520000000E+02
      -0.951281660000000E+02       0.398741650000000E+02
      -0.951059120000000E+02       0.398691640000000E+02
      -0.950909584835303E+02       0.398634460881545E+02
      -0.950901580000000E+02       0.398631400000000E+02
      -0.950850030000000E+02       0.398618830000000E+02
      -0.950815340000000E+02       0.398617180000000E+02
      -0.950797860436669E+02       0.398618780942109E+02
      -0.950525350000000E+02       0.398643740000000E+02
      -0.950421420000000E+02       0.398648050000000E+02
      -0.950377670000000E+02       0.398655420000000E+02
      -0.950343180317597E+02       0.398672290609436E+02
      -0.950320530000000E+02       0.398683370000000E+02
      -0.950310025149602E+02       0.398691486921037E+02
      -0.950279310000000E+02       0.398715220000000E+02
      -0.950259189594174E+02       0.398756832110733E+02
      -0.950254220000000E+02       0.398767110000000E+02
      -0.950251190000000E+02       0.398788330000000E+02
      -0.950258620572659E+02       0.398859351198091E+02
      -0.950259470000000E+02       0.398867470000000E+02
      -0.950257718401389E+02       0.398874786083025E+02
      -0.950254750640755E+02       0.398887181835717E+02
      -0.950252400000000E+02       0.398897000000000E+02
      -0.950243890000000E+02       0.398912020000000E+02
      -0.950218974590196E+02       0.398939247785776E+02
      -0.950190885162164E+02       0.398969944167454E+02
      -0.950187430000000E+02       0.398973720000000E+02
      -0.950182245963380E+02       0.398976113131554E+02
      -0.950131520000000E+02       0.398999530000000E+02
      -0.950106841825877E+02       0.399002897586155E+02
      -0.950084400000000E+02       0.399005960000000E+02
      -0.950038190000000E+02       0.399004010000000E+02
      -0.949902840000000E+02       0.398970100000000E+02
      -0.949897849135981E+02       0.398969587188345E+02
      -0.949878238221575E+02       0.398967572165408E+02
      -0.949869750000000E+02       0.398966700000000E+02
      -0.949853084552457E+02       0.398968148698128E+02
      -0.949793906248733E+02       0.398973292964287E+02
      -0.949777490000000E+02       0.398974720000000E+02
      -0.949633450000000E+02       0.399011360000000E+02
      -0.949592760000000E+02       0.399016710000000E+02
      -0.949584402986151E+02       0.399015480646101E+02
      -0.949515400000000E+02       0.399005330000000E+02
      -0.949438670000000E+02       0.398981300000000E+02
      -0.949353063955852E+02       0.398937793791944E+02
      -0.949344930000000E+02       0.398933660000000E+02
      -0.949295740000000E+02       0.398887540000000E+02
      -0.949278970000000E+02       0.398861120000000E+02
      -0.949273590000000E+02       0.398839660000000E+02
      -0.949272520000000E+02       0.398802580000000E+02
      -0.949284660000000E+02       0.398763440000000E+02
      -0.949310841672878E+02       0.398730750036733E+02
      -0.949314630000000E+02       0.398726020000000E+02
      -0.949387910000000E+02       0.398669540000000E+02
      -0.949407430000000E+02       0.398644100000000E+02
      -0.949424070000000E+02       0.398610660000000E+02
      -0.949425670000000E+02       0.398566020000000E+02
      -0.949397670000000E+02       0.398519300000000E+02
      -0.949376550000000E+02       0.398497860000000E+02
      -0.949261500000000E+02       0.398413220000000E+02
      -0.949169180000000E+02       0.398361380000000E+02
      -0.949099420000000E+02       0.398344260000000E+02
      -0.949031570000000E+02       0.398338500000000E+02
      -0.948926770000000E+02       0.398343780000000E+02
      -0.948894930000000E+02       0.398340260000000E+02
      -0.948869330000000E+02       0.398330980000000E+02
      -0.948810130000000E+02       0.398289220000000E+02
      -0.948786770000000E+02       0.398265220000000E+02
      -0.948770440000000E+02       0.398237540000000E+02
      -0.948765440000000E+02       0.398205940000000E+02
      -0.948759440000000E+02       0.398132940000000E+02
      -0.948763267956989E+02       0.398071692688172E+02
      -0.948763440000000E+02       0.398068940000000E+02
      -0.948767059723866E+02       0.398061400749507E+02
      -0.948809320000000E+02       0.397973380000000E+02
      -0.948840840000000E+02       0.397942340000000E+02
      -0.948902920000000E+02       0.397916260000000E+02
      -0.948929650000000E+02       0.397910980000000E+02
      -0.949129082745413E+02       0.397902768063424E+02
      -0.949247448935924E+02       0.397897894161462E+02
      -0.949256050000000E+02       0.397897540000000E+02
      -0.949259406836619E+02       0.397896319633612E+02
      -0.949272587092734E+02       0.397891527996912E+02
      -0.949296540000000E+02       0.397882820000000E+02
      -0.949303527091476E+02       0.397878271112320E+02
      -0.949304420230784E+02       0.397877689641417E+02
      -0.949309798728325E+02       0.397874188015414E+02
      -0.949327260000000E+02       0.397862820000000E+02
      -0.949329133495519E+02       0.397860438847631E+02
      -0.949350591952469E+02       0.397833165841055E+02
      -0.949352060000000E+02       0.397831300000000E+02
      -0.949357820000000E+02       0.397789060000000E+02
      -0.949353020000000E+02       0.397756100000000E+02
      -0.949350367418968E+02       0.397751080500508E+02
      -0.949346243042426E+02       0.397743275911052E+02
      -0.949342620000000E+02       0.397736420000000E+02
      -0.949296530000000E+02       0.397690980000000E+02
      -0.949294213876078E+02       0.397689215849536E+02
      -0.949286265867976E+02       0.397683161992898E+02
      -0.949262290000000E+02       0.397664900000000E+02
      -0.949239913308111E+02       0.397651739471042E+02
      -0.949167890000000E+02       0.397609380000000E+02
      -0.949122930000000E+02       0.397593380000000E+02
      -0.949062440000000E+02       0.397594180000000E+02
      -0.949059214545357E+02       0.397595017307639E+02
      -0.949009219411900E+02       0.397607995728288E+02
      -0.948991560000000E+02       0.397612580000000E+02
      -0.948990256212348E+02       0.397613234576517E+02
      -0.948952680000000E+02       0.397632100000000E+02
      -0.948950410000000E+02       0.397633500000000E+02
      -0.948940710000000E+02       0.397639460000000E+02
      -0.948939190000000E+02       0.397640400000000E+02
      -0.948937240000000E+02       0.397641600000000E+02
      -0.948936460000000E+02       0.397642080000000E+02
      -0.948839240000000E+02       0.397701860000000E+02
      -0.948814600000000E+02       0.397712580000000E+02
      -0.948814220000000E+02       0.397712580000000E+02
      -0.948747063211542E+02       0.397723923080829E+02
      -0.948711440000000E+02       0.397729940000000E+02
      -0.948696440000000E+02       0.397728940000000E+02
      -0.948671430000000E+02       0.397716940000000E+02
      -0.948652430000000E+02       0.397700940000000E+02
      -0.948631430000000E+02       0.397672940000000E+02
      -0.948607430000000E+02       0.397630940000000E+02
      -0.948594430000000E+02       0.397536940000000E+02
      -0.948603698891040E+02       0.397495349846668E+02
      -0.948603710000000E+02       0.397495300000000E+02
      -0.948629430000000E+02       0.397429940000000E+02
      -0.948701430000000E+02       0.397345940000000E+02
      -0.948756430000000E+02       0.397304940000000E+02
      -0.948841430000000E+02       0.397267940000000E+02
      -0.948917440000000E+02       0.397248940000000E+02
      -0.948993160000000E+02       0.397240420000000E+02
      -0.949005536404440E+02       0.397241020796332E+02
      -0.949015820610732E+02       0.397241520029647E+02
      -0.949026120000000E+02       0.397242020000000E+02
      -0.949060550880829E+02       0.397249334715026E+02
      -0.949070142607499E+02       0.397251372442366E+02
      -0.949077856665388E+02       0.397253011265823E+02
      -0.949100680000000E+02       0.397257860000000E+02
      -0.949110873988937E+02       0.397261574088993E+02
      -0.949183240000000E+02       0.397287940000000E+02
      -0.949300050000000E+02       0.397353700000000E+02
      -0.949392210000000E+02       0.397415780000000E+02
      -0.949447410000000E+02       0.397443770000000E+02
      -0.949486588257736E+02       0.397455725021683E+02
      -0.949486807844175E+02       0.397455792027231E+02
      -0.949487260000000E+02       0.397455930000000E+02
      -0.949526300000000E+02       0.397459610000000E+02
      -0.949552860000000E+02       0.397456890000000E+02
      -0.949600860000000E+02       0.397430650000000E+02
      -0.949637798197723E+02       0.397402409787673E+02
      -0.949646924347826E+02       0.397395432608696E+02
      -0.949653180000000E+02       0.397390650000000E+02
      -0.949655652093933E+02       0.397387286712329E+02
      -0.949702245085427E+02       0.397323896874372E+02
      -0.949704220000000E+02       0.397321210000000E+02
      -0.949712060000000E+02       0.397293050000000E+02
      -0.949710780000000E+02       0.397231460000000E+02
      -0.949684530000000E+02       0.397074020000000E+02
      -0.949689810000000E+02       0.396929540000000E+02
      -0.949699090000000E+02       0.396890500000000E+02
      -0.949713170000000E+02       0.396864100000000E+02
      -0.949760963927378E+02       0.396816000680115E+02
      -0.949763250000000E+02       0.396813700000000E+02
      -0.949815570000000E+02       0.396786340000000E+02
      -0.949841490000000E+02       0.396778500000000E+02
      -0.949864450806917E+02       0.396775376080692E+02
      -0.949905873905168E+02       0.396769740285011E+02
      -0.949935570000000E+02       0.396765700000000E+02
      -0.949987668924201E+02       0.396765093888762E+02
      -0.950013790000000E+02       0.396764790000000E+02
      -0.950046027407732E+02       0.396761778813563E+02
      -0.950081052392217E+02       0.396758507249079E+02
      -0.950090230000000E+02       0.396757650000000E+02
      -0.950102259869481E+02       0.396754774082419E+02
      -0.950132097137808E+02       0.396747641043721E+02
      -0.950153100000000E+02       0.396742620000000E+02
      -0.950183180000000E+02       0.396728690000000E+02
      -0.950215219423520E+02       0.396706312935684E+02
      -0.950245950000000E+02       0.396684850000000E+02
      -0.950276440000000E+02       0.396654540000000E+02
      -0.950374640000000E+02       0.396529050000000E+02
      -0.950390490000000E+02       0.396496390000000E+02
      -0.950445540000000E+02       0.396443700000000E+02
      -0.950495180000000E+02       0.396378760000000E+02
      -0.950533670000000E+02       0.396303470000000E+02
      -0.950549250000000E+02       0.396249950000000E+02
      -0.950550248199267E+02       0.396235271633681E+02
      -0.950551520000000E+02       0.396216570000000E+02
      -0.950549584565545E+02       0.396209613288867E+02
      -0.950531314236471E+02       0.396143942554643E+02
      -0.950530120000000E+02       0.396139650000000E+02
      -0.950525558913872E+02       0.396132785569849E+02
      -0.950479110000000E+02       0.396062880000000E+02
      -0.950464450000000E+02       0.396016060000000E+02
      -0.950463610000000E+02       0.395995570000000E+02
      -0.950471650000000E+02       0.395951170000000E+02
      -0.950492770000000E+02       0.395895830000000E+02
      -0.950548040000000E+02       0.395824880000000E+02
      -0.950568970000000E+02       0.395805670000000E+02
      -0.950595190000000E+02       0.395791320000000E+02
      -0.950645190000000E+02       0.395771150000000E+02
      -0.950662755513389E+02       0.395767864706941E+02
      -0.950682664398905E+02       0.395764141130980E+02
      -0.950693150000000E+02       0.395762180000000E+02
      -0.950721600000000E+02       0.395761220000000E+02
      -0.950758425513558E+02       0.395766441285270E+02
      -0.950766880000000E+02       0.395767640000000E+02
      -0.950885695151139E+02       0.395807136983274E+02
      -0.950895150000000E+02       0.395810280000000E+02
      -0.950906821780953E+02       0.395809510761905E+02
      -0.950957360000000E+02       0.395806180000000E+02
      -0.950990950000000E+02       0.395796910000000E+02
      -0.951003750153514E+02       0.395791000807427E+02
      -0.951018294053655E+02       0.395784286613991E+02
      -0.951032280000000E+02       0.395777830000000E+02
      -0.951061099624107E+02       0.395754877681367E+02
      -0.951062449824047E+02       0.395753802364801E+02
      -0.951062744539412E+02       0.395753567649700E+02
      -0.951064060000000E+02       0.395752520000000E+02
      -0.951074540000000E+02       0.395738430000000E+02
      -0.951089310525116E+02       0.395699789696877E+02
      -0.951091556135358E+02       0.395693915087833E+02
      -0.951128307122349E+02       0.395597772989551E+02
      -0.951128778441197E+02       0.395596540000000E+02
      -0.951130770000000E+02       0.395591330000000E+02
      -0.951132629905731E+02       0.395571212019671E+02
      -0.951135167351740E+02       0.395543765312016E+02
      -0.951135570000000E+02       0.395539410000000E+02
      -0.951133303905749E+02       0.395533199420505E+02
      -0.951096945407414E+02       0.395433553369110E+02
      -0.951093040000000E+02       0.395422850000000E+02
      -0.951065960000000E+02       0.395376570000000E+02
      -0.951063631366182E+02       0.395373863308588E+02
      -0.951063092382753E+02       0.395373236820298E+02
      -0.951028880000000E+02       0.395333470000000E+02
      -0.950967134226492E+02       0.395278260159705E+02
      -0.950953195228390E+02       0.395265796636854E+02
      -0.950927040000000E+02       0.395242410000000E+02
      -0.950827140000000E+02       0.395167120000000E+02
      -0.950774410000000E+02       0.395135520000000E+02
      -0.950594610000000E+02       0.395061430000000E+02
      -0.950563800000000E+02       0.395039720000000E+02
      -0.950521770000000E+02       0.394999960000000E+02
      -0.950505520000000E+02       0.394975140000000E+02
      -0.950498450000000E+02       0.394944150000000E+02
      -0.950483700000000E+02       0.394804200000000E+02
      -0.950471330000000E+02       0.394749710000000E+02
      -0.950457160000000E+02       0.394724590000000E+02
      -0.950407800000000E+02       0.394663870000000E+02
      -0.950375000000000E+02       0.394636890000000E+02
      -0.950334080000000E+02       0.394608760000000E+02
      -0.950284980000000E+02       0.394582870000000E+02
      -0.950158250000000E+02       0.394528090000000E+02
      -0.949957680000000E+02       0.394481740000000E+02
      -0.949901720000000E+02       0.394461920000000E+02
      -0.949821440000000E+02       0.394405520000000E+02
      -0.949787980000000E+02       0.394362410000000E+02
      -0.949766060000000E+02       0.394267010000000E+02
      -0.949729520000000E+02       0.394217050000000E+02
      -0.949685474671943E+02       0.394188797282308E+02
      -0.949669811646521E+02       0.394178750290834E+02
      -0.949660660000000E+02       0.394172880000000E+02
      -0.949654305391559E+02       0.394170934469600E+02
      -0.949548170000000E+02       0.394138440000000E+02
      -0.949512090000000E+02       0.394117070000000E+02
      -0.949478640000000E+02       0.394086040000000E+02
      -0.949462930000000E+02       0.394056460000000E+02
      -0.949466620000000E+02       0.393997170000000E+02
      -0.949462270000000E+02       0.393956480000000E+02
      -0.949455770000000E+02       0.393938510000000E+02
      -0.949420390000000E+02       0.393894990000000E+02
      -0.949396970000000E+02       0.393879500000000E+02
      -0.949382056593389E+02       0.393871165173698E+02
      -0.949381999949539E+02       0.393871133516501E+02
      -0.949381987082935E+02       0.393871126325595E+02
      -0.949371580000000E+02       0.393865310000000E+02
      -0.949336520000000E+02       0.393855460000000E+02
      -0.949321707039081E+02       0.393853978984936E+02
      -0.949231100000000E+02       0.393844920000000E+02
      -0.949192250000000E+02       0.393851740000000E+02
      -0.949158590000000E+02       0.393863480000000E+02
      -0.949095810000000E+02       0.393888650000000E+02
      -0.949018230000000E+02       0.393927980000000E+02
      -0.948964484169230E+02       0.393934003239655E+02
      -0.948949790000000E+02       0.393935650000000E+02
      -0.948918450000000E+02       0.393933130000000E+02
      -0.948889720000000E+02       0.393924320000000E+02
      -0.948880582275062E+02       0.393918227411477E+02
      -0.948850260000000E+02       0.393898010000000E+02
      -0.948809790000000E+02       0.393838990000000E+02
      -0.948792810000000E+02       0.393797800000000E+02
      -0.948790880000000E+02       0.393757030000000E+02
      -0.948813600000000E+02       0.393703830000000E+02
      -0.948852160000000E+02       0.393669110000000E+02
      -0.948909280000000E+02       0.393640310000000E+02
      -0.948968320000000E+02       0.393631350000000E+02
      -0.948990240000000E+02       0.393624310000000E+02
      -0.949024970000000E+02       0.393603830000000E+02
      -0.949071610495868E+02       0.393568383223140E+02
      -0.949072970000000E+02       0.393567350000000E+02
      -0.949075104709677E+02       0.393564843333334E+02
      -0.949094090000000E+02       0.393542550000000E+02
      -0.949100170000000E+02       0.393525430000000E+02
      -0.949100792996708E+02       0.393521228765792E+02
      -0.949101666351461E+02       0.393515339219637E+02
      -0.949102343860794E+02       0.393510770374644E+02
      -0.949106410000000E+02       0.393483350000000E+02
      -0.949100555144816E+02       0.393427274306252E+02
      -0.949086835409217E+02       0.393295871621198E+02
      -0.949080650000000E+02       0.393236630000000E+02
      -0.949065994144846E+02       0.393173898011803E+02
      -0.949059824681295E+02       0.393147490633278E+02
      -0.949055488567690E+02       0.393128930608996E+02
      -0.949053290000000E+02       0.393119520000000E+02
      -0.949046045361151E+02       0.393100747395683E+02
      -0.949035926542472E+02       0.393074527099105E+02
      -0.949031370000000E+02       0.393062720000000E+02
      -0.949023411791566E+02       0.393047050988576E+02
      -0.949006938383943E+02       0.393014616299992E+02
      -0.949003627554711E+02       0.393008097568861E+02
      -0.949000490000000E+02       0.393001920000000E+02
      -0.948952170000000E+02       0.392942080000000E+02
      -0.948894326255467E+02       0.392887305283942E+02
      -0.948870560000000E+02       0.392864800000000E+02
      -0.948825760000000E+02       0.392833280000000E+02
      -0.948814259728277E+02       0.392827356927722E+02
      -0.948795856877591E+02       0.392817878767782E+02
      -0.948783200000000E+02       0.392811360000000E+02
      -0.948694702690425E+02       0.392784239591234E+02
      -0.948675680000000E+02       0.392778410000000E+02
      -0.948665764168023E+02       0.392774615985021E+02
      -0.948570720000000E+02       0.392738250000000E+02
      -0.948505736787940E+02       0.392705951796387E+02
      -0.948504706001878E+02       0.392705439471172E+02
      -0.948463200000000E+02       0.392684810000000E+02
      -0.948442038685891E+02       0.392669650849527E+02
      -0.948409945952253E+02       0.392646660851088E+02
      -0.948378550000000E+02       0.392624170000000E+02
      -0.948361025272711E+02       0.392607304097045E+02
      -0.948348795500679E+02       0.392595534090879E+02
      -0.948325013201070E+02       0.392572645862684E+02
      -0.948321023553054E+02       0.392568806201435E+02
      -0.948314710000000E+02       0.392562730000000E+02
      -0.948274870000000E+02       0.392498890000000E+02
      -0.948265714735918E+02       0.392457932239633E+02
      -0.948256630000000E+02       0.392417290000000E+02
      -0.948261110000000E+02       0.392382890000000E+02
      -0.948264050912382E+02       0.392375383671252E+02
      -0.948271083916632E+02       0.392357432765168E+02
      -0.948277910000000E+02       0.392340010000000E+02
      -0.948281177691975E+02       0.392335337729377E+02
      -0.948324443569530E+02       0.392273474527396E+02
      -0.948346985515348E+02       0.392241243193467E+02
      -0.948348960000000E+02       0.392238420000000E+02
      -0.948349174960247E+02       0.392234142291092E+02
      -0.948350391397153E+02       0.392209935196654E+02
      -0.948350466030879E+02       0.392208449985515E+02
      -0.948350560000000E+02       0.392206580000000E+02
      -0.948335520000000E+02       0.392177940000000E+02
      -0.948316790000000E+02       0.392159380000000E+02
      -0.948237910000000E+02       0.392098740000000E+02
      -0.948206870000000E+02       0.392086260000000E+02
      -0.948116630000000E+02       0.392065940000000E+02
      -0.948003590545543E+02       0.392060514106186E+02
      -0.947996630000000E+02       0.392060180000000E+02
      -0.947989243065917E+02       0.392061168122351E+02
      -0.947939139459842E+02       0.392067870293034E+02
      -0.947881350683918E+02       0.392075600479943E+02
      -0.947873430000000E+02       0.392076660000000E+02
      -0.947838380000000E+02       0.392071540000000E+02
      -0.947815180000000E+02       0.392061460000000E+02
      -0.947802940784989E+02       0.392052732907558E+02
      -0.947789715777692E+02       0.392043302902354E+02
      -0.947778380000000E+02       0.392035220000000E+02
      -0.947755380000000E+02       0.392006020000000E+02
      -0.947708970970345E+02       0.391911416978011E+02
      -0.947708594001970E+02       0.391910648542477E+02
      -0.947703380000000E+02       0.391900020000000E+02
      -0.947631380000000E+02       0.391799030000000E+02
      -0.947523380000000E+02       0.391732030000000E+02
      -0.947419380000000E+02       0.391702030000000E+02
      -0.947365370000000E+02       0.391692030000000E+02
      -0.947236370000000E+02       0.391690030000000E+02
      -0.947141370000000E+02       0.391704030000000E+02
      -0.946963320000000E+02       0.391785630000000E+02
      -0.946872360000000E+02       0.391835030000000E+02
      -0.946803360000000E+02       0.391843030000000E+02
      -0.946691350000000E+02       0.391820030000000E+02
      -0.946638350000000E+02       0.391791030000000E+02
      -0.946603150000000E+02       0.391680510000000E+02
      -0.946624350000000E+02       0.391576030000000E+02
      -0.946507350000000E+02       0.391541030000000E+02
      -0.946400350000000E+02       0.391531030000000E+02
      -0.946239340000000E+02       0.391566030000000E+02
      -0.946158340000000E+02       0.391600030000000E+02
      -0.946088340000000E+02       0.391605030000000E+02
      -0.946017330000000E+02       0.391596030000000E+02
      -0.945960330000000E+02       0.391577030000000E+02
      -0.945919330000000E+02       0.391550030000000E+02
      -0.945899330000000E+02       0.391404030000000E+02
      -0.945925330000000E+02       0.391359030000000E+02
      -0.946004340000000E+02       0.391285030000000E+02
      -0.946057340000000E+02       0.391222040000000E+02
      -0.946070340000000E+02       0.391194040000000E+02
      -0.946073540000000E+02       0.391134440000000E+02
      -0.946073540000000E+02       0.391134440000000E+02
      -0.946072340000000E+02       0.390896040000000E+02
      -0.946072340000000E+02       0.390896040000000E+02
      -0.946073340000000E+02       0.390817040000000E+02
      -0.946072755184213E+02       0.390723469474094E+02
      -0.946072755184213E+02       0.390723469474094E+02
      -0.946072340000000E+02       0.390657040000000E+02
      -0.946073428128411E+02       0.390574047456866E+02
      -0.946073428128411E+02       0.390574047456866E+02
      -0.946073837956633E+02       0.390542789485803E+02
      -0.946074372399300E+02       0.390502027057793E+02
      -0.946075184990345E+02       0.390440050000000E+02
      -0.946075594796915E+02       0.390408793680400E+02
      -0.946076128544268E+02       0.390368084284533E+02
      -0.946076474823320E+02       0.390341673266473E+02
      -0.946076540281881E+02       0.390336680682498E+02
      -0.946076950792517E+02       0.390305370663121E+02
      -0.946078987226394E+02       0.390150050000000E+02
      -0.946079146527650E+02       0.390137899948344E+02
      -0.946079918434624E+02       0.390079025901762E+02
      -0.946080875266052E+02       0.390006047498874E+02
      -0.946080927592294E+02       0.390002056528803E+02
      -0.946081909562184E+02       0.389927160792625E+02
      -0.946082123391381E+02       0.389910851845402E+02
      -0.946082644388062E+02       0.389871114954886E+02
      -0.946082799574507E+02       0.389859278743652E+02
      -0.946083012118676E+02       0.389843067806698E+02
      -0.946083340000000E+02       0.389818060000000E+02
      -0.946082942869054E+02       0.389739030941646E+02
      -0.946082734846797E+02       0.389697634512534E+02
      -0.946082492621278E+02       0.389649431634249E+02
      -0.946082078795181E+02       0.389567080240964E+02
      -0.946081340000000E+02       0.389420060000000E+02
      -0.946081340000000E+02       0.389420060000000E+02
      -0.946081340000000E+02       0.389400060000000E+02
      -0.946078660000000E+02       0.389373980000000E+02
      -0.946079780000000E+02       0.389368700000000E+02
      -0.946079780000000E+02       0.389368700000000E+02
      -0.946080028384426E+02       0.389129063222073E+02
      -0.946080062167702E+02       0.389096469731008E+02
      -0.946080104072023E+02       0.389056041204007E+02
      -0.946080220641789E+02       0.388943576813549E+02
      -0.946080227386126E+02       0.388937070000000E+02
      -0.946080330000000E+02       0.388838070000000E+02
      -0.946080330000000E+02       0.388838070000000E+02
      -0.946080330000000E+02       0.388692070000000E+02
      -0.946080330000000E+02       0.388692070000000E+02
      -0.946080330000000E+02       0.388681070000000E+02
      -0.946079930000000E+02       0.388672710000000E+02
      -0.946080330000000E+02       0.388612070000000E+02
      -0.946080330000000E+02       0.388550070000000E+02
      -0.946080330000000E+02       0.388501070000000E+02
      -0.946080330000000E+02       0.388501070000000E+02
      -0.946080330000000E+02       0.388472070000000E+02
      -0.946080330000000E+02       0.388472070000000E+02
      -0.946076250000000E+02       0.388275600000000E+02
      -0.946076689730535E+02       0.388258162993001E+02
      -0.946080410000000E+02       0.388110640000000E+02
      -0.946086176097549E+02       0.387819261002805E+02
      -0.946086176097549E+02       0.387819261002805E+02
      -0.946093990000000E+02       0.387424400000000E+02
      -0.946094560000000E+02       0.387407000000000E+02
      -0.946095077571064E+02       0.387381599946771E+02
      -0.946096256565904E+02       0.387323740198146E+02
      -0.946103221726866E+02       0.386981921516001E+02
      -0.946107108405691E+02       0.386791180851011E+02
      -0.946107385128392E+02       0.386777600549042E+02
      -0.946116020000000E+02       0.386353840000000E+02
      -0.946116020000000E+02       0.386353840000000E+02
      -0.946114650000000E+02       0.386250110000000E+02
      -0.946118580000000E+02       0.386204850000000E+02
      -0.946119080000000E+02       0.386092720000000E+02
      -0.946119055621497E+02       0.386058900050624E+02
      -0.946118870000000E+02       0.385801390000000E+02
      -0.946119020000000E+02       0.385801100000000E+02
      -0.946121760000000E+02       0.385765460000000E+02
      -0.946121570000000E+02       0.385498170000000E+02
      -0.946122720000000E+02       0.385479170000000E+02
      -0.946124647420728E+02       0.385187606165000E+02
      -0.946126440000000E+02       0.384916440000000E+02
      -0.946127260000000E+02       0.384843670000000E+02
      -0.946126960000000E+02       0.384831540000000E+02
      -0.946128660000000E+02       0.384775710000000E+02
      -0.946128660000000E+02       0.384775710000000E+02
      -0.946133650000000E+02       0.384034220000000E+02
      -0.946132650000000E+02       0.383924260000000E+02
      -0.946132754046372E+02       0.383887180474204E+02
      -0.946133290000000E+02       0.383696180000000E+02
      -0.946133120000000E+02       0.383644070000000E+02
      -0.946130854552284E+02       0.383436360393057E+02
      -0.946130854552284E+02       0.383436360393057E+02
      -0.946130000000000E+02       0.383358010000000E+02
      -0.946128250000000E+02       0.383243870000000E+02
      -0.946127880000000E+02       0.383201420000000E+02
      -0.946126730000000E+02       0.383148320000000E+02
      -0.946126730000000E+02       0.383025270000000E+02
      -0.946126893682767E+02       0.383014641149462E+02
      -0.946128440000000E+02       0.382914230000000E+02
      -0.946128490000000E+02       0.382899140000000E+02
      -0.946127078290460E+02       0.382723620444480E+02
      -0.946127078290460E+02       0.382723620444480E+02
      -0.946126920000000E+02       0.382703940000000E+02
      -0.946126140000000E+02       0.382377660000000E+02
      -0.946126350000000E+02       0.382269870000000E+02
      -0.946126590000000E+02       0.382192510000000E+02
      -0.946126586695046E+02       0.382187215464522E+02
      -0.946126580000000E+02       0.382176490000000E+02
      -0.946128220000000E+02       0.382039180000000E+02
      -0.946128480000000E+02       0.382007140000000E+02
      -0.946130730000000E+02       0.381905520000000E+02
      -0.946134177467789E+02       0.381681839597062E+02
      -0.946134220000000E+02       0.381679080000000E+02
      -0.946137480000000E+02       0.381606330000000E+02
      -0.946138560000000E+02       0.381497690000000E+02
      -0.946138894663602E+02       0.381363129111693E+02
      -0.946139194973433E+02       0.381242381121118E+02
      -0.946139194973433E+02       0.381242381121118E+02
      -0.946140610000000E+02       0.380673430000000E+02
      -0.946140890000000E+02       0.380659010000000E+02
      -0.946140550000000E+02       0.380600880000000E+02
      -0.946140550000000E+02       0.380600880000000E+02
      -0.946139810000000E+02       0.380369490000000E+02
      -0.946139810000000E+02       0.380369490000000E+02
      -0.946142120000000E+02       0.379924620000000E+02
      -0.946144650000000E+02       0.379877990000000E+02
      -0.946145111234272E+02       0.379793955121077E+02
      -0.946145143606885E+02       0.379788056971699E+02
      -0.946145143606885E+02       0.379788056971699E+02
      -0.946145570000000E+02       0.379710370000000E+02
      -0.946145620000000E+02       0.379515170000000E+02
      -0.946145940000000E+02       0.379499780000000E+02
      -0.946146120000000E+02       0.379443620000000E+02
      -0.946147540000000E+02       0.379407690000000E+02
      -0.946148350000000E+02       0.379367000000000E+02
      -0.946147780000000E+02       0.379342000000000E+02
      -0.946151810000000E+02       0.379159440000000E+02
      -0.946153930000000E+02       0.379063920000000E+02
      -0.946153930000000E+02       0.379063920000000E+02
      -0.946154690000000E+02       0.379017750000000E+02
      -0.946157060000000E+02       0.378868430000000E+02
      -0.946159210000000E+02       0.378783310000000E+02
      -0.946159210000000E+02       0.378783310000000E+02
      -0.946158340000000E+02       0.378725100000000E+02
      -0.946160000000000E+02       0.378631260000000E+02
      -0.946162827602054E+02       0.378512819316786E+02
      -0.946162827602054E+02       0.378512819316786E+02
      -0.946164260000000E+02       0.378452820000000E+02
      -0.946164332300537E+02       0.378429557302301E+02
      -0.946164500000000E+02       0.378375600000000E+02
      -0.946168620000000E+02       0.378194560000000E+02
      -0.946176681324215E+02       0.377758310037881E+02
      -0.946176681324215E+02       0.377758310037881E+02
      -0.946177210000000E+02       0.377729700000000E+02
      -0.946177377747202E+02       0.377646283365553E+02
      -0.946177449791939E+02       0.377610457256803E+02
      -0.946178080000000E+02       0.377297070000000E+02
      -0.946179750000000E+02       0.377221760000000E+02
      -0.946178050000000E+02       0.376901780000000E+02
      -0.946176510000000E+02       0.376876710000000E+02
      -0.946176870000000E+02       0.376866530000000E+02
      -0.946178850000000E+02       0.376822140000000E+02
      -0.946177340000000E+02       0.376731270000000E+02
      -0.946177340000000E+02       0.376731270000000E+02
      -0.946175760000000E+02       0.376536710000000E+02
      -0.946175760000000E+02       0.376536710000000E+02
      -0.946175179094364E+02       0.376439886526241E+02
      -0.946175179094364E+02       0.376439886526241E+02
      -0.946174770000000E+02       0.376371700000000E+02
      -0.946174728191273E+02       0.376365399165072E+02
      -0.946173000000000E+02       0.376104950000000E+02
      -0.946174280000000E+02       0.376095220000000E+02
      -0.946172830000000E+02       0.375718960000000E+02
      -0.946173150000000E+02       0.375714990000000E+02
      -0.946173150000000E+02       0.375714990000000E+02
      -0.946170810000000E+02       0.375670130000000E+02
      -0.946171124015313E+02       0.375631553814994E+02
      -0.946171600000000E+02       0.375573080000000E+02
      -0.946171600000000E+02       0.375573080000000E+02
      -0.946171860000000E+02       0.375534850000000E+02
      -0.946171675329495E+02       0.375517790563914E+02
      -0.946169884844575E+02       0.375352389688952E+02
      -0.946169080000000E+02       0.375278040000000E+02
      -0.946167890000000E+02       0.375215100000000E+02
      -0.946168803696575E+02       0.375067717618648E+02
      -0.946170230000000E+02       0.374837650000000E+02
      -0.946171830000000E+02       0.374696650000000E+02
      -0.946171800000000E+02       0.374652030000000E+02
      -0.946172220000000E+02       0.374604760000000E+02
      -0.946172050000000E+02       0.374603730000000E+02
      -0.946172010000000E+02       0.374547880000000E+02
      -0.946172010000000E+02       0.374547880000000E+02
      -0.946171320000000E+02       0.374398180000000E+02
      -0.946171320000000E+02       0.374398180000000E+02
      -0.946172650000000E+02       0.374255360000000E+02
      -0.946175110000000E+02       0.374109090000000E+02
      -0.946175110000000E+02       0.374109090000000E+02
      -0.946175570000000E+02       0.373963750000000E+02
      -0.946175915891747E+02       0.373817259758613E+02
      -0.946175915891747E+02       0.373817259758613E+02
      -0.946176250000000E+02       0.373675760000000E+02
      -0.946176260000000E+02       0.373674450000000E+02
      -0.946175370000000E+02       0.373643550000000E+02
      -0.946175370000000E+02       0.373643550000000E+02
      -0.946176360000000E+02       0.373384170000000E+02
      -0.946176360000000E+02       0.373384170000000E+02
      -0.946176950000000E+02       0.373368420000000E+02
      -0.946176480000000E+02       0.373235890000000E+02
      -0.946180750000000E+02       0.372404360000000E+02
      -0.946181580000000E+02       0.372375970000000E+02
      -0.946181230000000E+02       0.372293340000000E+02
      -0.946181500000000E+02       0.372281210000000E+02
      -0.946182190000000E+02       0.372077720000000E+02
      -0.946183050000000E+02       0.372073370000000E+02
      -0.946183050000000E+02       0.372073370000000E+02
      -0.946183190000000E+02       0.371887740000000E+02
      -0.946185050000000E+02       0.371811840000000E+02
      -0.946185050000000E+02       0.371811840000000E+02
      -0.946184730000000E+02       0.371747820000000E+02
      -0.946183510000000E+02       0.371602110000000E+02
      -0.946180720000000E+02       0.371323450000000E+02
      -0.946180750000000E+02       0.371297550000000E+02
      -0.946180750000000E+02       0.371297550000000E+02
      -0.946181644151298E+02       0.371189298953031E+02
      -0.946182120000000E+02       0.371131690000000E+02
      -0.946181510000000E+02       0.371039680000000E+02
      -0.946180590000000E+02       0.370966760000000E+02
      -0.946180880000000E+02       0.370936710000000E+02
      -0.946180900000000E+02       0.370934940000000E+02
      -0.946180852551039E+02       0.370893054429420E+02
      -0.946180852551039E+02       0.370893054429420E+02
      -0.946180820000000E+02       0.370864320000000E+02
      -0.946181200000000E+02       0.370859340000000E+02
      -0.946181200000000E+02       0.370859340000000E+02
      -0.946179820000000E+02       0.370750770000000E+02
      -0.946179820000000E+02       0.370750770000000E+02
      -0.946179543118639E+02       0.370703469865440E+02
      -0.946179477064806E+02       0.370692185771817E+02
      -0.946179101611107E+02       0.370628046349830E+02
      -0.946178939759841E+02       0.370600397010611E+02
      -0.946178750000000E+02       0.370567980000000E+02
      -0.946178750000000E+02       0.370567980000000E+02
      -0.946178775382752E+02       0.370563393900795E+02
      -0.946178775382752E+02       0.370563393900795E+02
      -0.946179650000000E+02       0.370405370000000E+02
      -0.946179722001907E+02       0.370329717595724E+02
      -0.946179722001907E+02       0.370329717595724E+02
      -0.946179950000000E+02       0.370090160000000E+02
      -0.946180277023038E+02       0.370048297203800E+02
      -0.946180800000000E+02       0.369981350000000E+02
      -0.946180800000000E+02       0.369981350000000E+02
      -0.946252240000000E+02       0.369986720000000E+02
      -0.946997350000000E+02       0.369988050000000E+02
      -0.947017970000000E+02       0.369988140000000E+02
      -0.947112863630609E+02       0.369987967041592E+02
      -0.947112863630609E+02       0.369987967041592E+02
      -0.947127700000000E+02       0.369987940000000E+02
      -0.947226291847336E+02       0.369987419033781E+02
      -0.947328346034665E+02       0.369986879772315E+02
      -0.947363306456703E+02       0.369986695038999E+02
      -0.947371830000000E+02       0.369986650000000E+02
      -0.947393240000000E+02       0.369986870000000E+02
      -0.947459920436923E+02       0.369987005354273E+02
      -0.947459920436923E+02       0.369987005354273E+02
      -0.947495607814757E+02       0.369987077795896E+02
      -0.947498346000191E+02       0.369987083354125E+02
      -0.947772570000000E+02       0.369987640000000E+02
      -0.947772570000000E+02       0.369987640000000E+02
      -0.948312800000000E+02       0.369988120000000E+02
      -0.948315399620395E+02       0.369988125659551E+02
      -0.948315399620395E+02       0.369988125659551E+02
      -0.948409260000000E+02       0.369988330000000E+02
      -0.948409260000000E+02       0.369988330000000E+02
      -0.948466377055248E+02       0.369988606736155E+02
      -0.948498010000000E+02       0.369988760000000E+02
      -0.948531970000000E+02       0.369988740000000E+02
      -0.948968521686017E+02       0.369990752311074E+02
      -0.949046054026574E+02       0.369991109701029E+02
      -0.949046054026574E+02       0.369991109701029E+02
      -0.949407882710602E+02       0.369992777571962E+02
      -0.949952930000000E+02       0.369995290000000E+02
      -0.950076200000000E+02       0.369995140000000E+02
      -0.950076200000000E+02       0.369995140000000E+02
      -0.950114330000000E+02       0.369995350000000E+02
      -0.950303240000000E+02       0.369995170000000E+02
      -0.950378570000000E+02       0.369994970000000E+02
      -0.950494990000000E+02       0.369995800000000E+02
      -0.950735090000000E+02       0.369995090000000E+02
      -0.950735090000000E+02       0.369995090000000E+02
      -0.951405498515593E+02       0.369995336238344E+02
      -0.951551870000000E+02       0.369995390000000E+02
      -0.951553720000000E+02       0.369995400000000E+02
      -0.951590679075566E+02       0.369995366292056E+02
      -0.951773010000000E+02       0.369995200000000E+02
      -0.951953070000000E+02       0.369995650000000E+02
      -0.952679053050612E+02       0.369994469103778E+02
      -0.952859831011674E+02       0.369994175047310E+02
      -0.953225650000000E+02       0.369993580000000E+02
      -0.953280580000000E+02       0.369993650000000E+02
      -0.953283270000000E+02       0.369993660000000E+02
      -0.953312100000000E+02       0.369993800000000E+02
      -0.953772524246590E+02       0.369992963116783E+02
      -0.953817538030857E+02       0.369992881298154E+02
      -0.954076830000000E+02       0.369992410000000E+02
      -0.954076830000000E+02       0.369992410000000E+02
      -0.955115780000000E+02       0.369992350000000E+02
      -0.955224149519409E+02       0.369992810581141E+02
      -0.955344010000000E+02       0.369993320000000E+02
      -0.955735980000000E+02       0.369993100000000E+02
      -0.956015173127423E+02       0.369993179682539E+02
      -0.956121400000000E+02       0.369993210000000E+02
      -0.956159340000000E+02       0.369993650000000E+02
      -0.956210119438606E+02       0.369993619831607E+02
      -0.956210119438606E+02       0.369993619831607E+02
      -0.956243500000000E+02       0.369993600000000E+02
      -0.956300790000000E+02       0.369993200000000E+02
      -0.956381225894160E+02       0.369993204700829E+02
      -0.956381225894160E+02       0.369993204700829E+02
      -0.956643010000000E+02       0.369993220000000E+02
      -0.956740443985630E+02       0.369993338762928E+02
      -0.956740443985630E+02       0.369993338762928E+02
      -0.956864520000000E+02       0.369993490000000E+02
      -0.956966590000000E+02       0.369992150000000E+02
      -0.957103800000000E+02       0.369993710000000E+02
      -0.957107825241320E+02       0.369993627833991E+02
      -0.957107825241320E+02       0.369993627833991E+02
      -0.957148870000000E+02       0.369992790000000E+02
      -0.957180540000000E+02       0.369992550000000E+02
      -0.957419080000000E+02       0.369992440000000E+02
      -0.957464662442769E+02       0.369992508385062E+02
      -0.957599050000000E+02       0.369992710000000E+02
      -0.957599050000000E+02       0.369992710000000E+02
      -0.957687190000000E+02       0.369992050000000E+02
      -0.957867620000000E+02       0.369993100000000E+02
      -0.957867620000000E+02       0.369993100000000E+02
      -0.958079800000000E+02       0.369991240000000E+02
      -0.958193644969082E+02       0.369991504715300E+02
      -0.958668990000000E+02       0.369992610000000E+02
      -0.958739440000000E+02       0.369993000000000E+02
      -0.958752570000000E+02       0.369993020000000E+02
      -0.958771510000000E+02       0.369993040000000E+02
      -0.959101800000000E+02       0.369993360000000E+02
      -0.959101800000000E+02       0.369993360000000E+02
      -0.959281220000000E+02       0.369992450000000E+02
      -0.959369920000000E+02       0.369992680000000E+02
      -0.959642703781142E+02       0.369990936044020E+02
      -0.960008100000000E+02       0.369988600000000E+02
      -0.960008100000000E+02       0.369988600000000E+02
      -0.960951641422673E+02       0.369989359402997E+02
      -0.960951641422673E+02       0.369989359402997E+02
      -0.961412100000000E+02       0.369989730000000E+02
      -0.961432070000000E+02       0.369991340000000E+02
      -0.961471430000000E+02       0.369990220000000E+02
      -0.961497090000000E+02       0.369990400000000E+02
      -0.961523840000000E+02       0.369990510000000E+02
      -0.961540170000000E+02       0.369991610000000E+02
      -0.961540170000000E+02       0.369991610000000E+02
      -0.961847680000000E+02       0.369992110000000E+02
      -0.962000280000000E+02       0.369990280000000E+02
      -0.962175710000000E+02       0.369990700000000E+02
      -0.962353200259718E+02       0.369991306757865E+02
      -0.962748096249279E+02       0.369992656726297E+02
      -0.962763680000000E+02       0.369992710000000E+02
      -0.962790790000000E+02       0.369992720000000E+02
      -0.962790790000000E+02       0.369992720000000E+02
      -0.963815568726395E+02       0.369992266294349E+02
      -0.963942720000000E+02       0.369992210000000E+02
      -0.964154120000000E+02       0.369991130000000E+02
      -0.965002880000000E+02       0.369986430000000E+02
      -0.965252123232864E+02       0.369987110384953E+02
      -0.965254959805670E+02       0.369987118128238E+02
      -0.965511309269325E+02       0.369987817911802E+02
      -0.965511309270208E+02       0.369987817911805E+02
      -0.966244874897500E+02       0.369989820401537E+02
      -0.967054310000000E+02       0.369992030000000E+02
      -0.967104820000000E+02       0.369992710000000E+02
      -0.967319830068330E+02       0.369992833531141E+02
      -0.967365900000000E+02       0.369992860000000E+02
      -0.967412700000000E+02       0.369992390000000E+02
      -0.967498380000000E+02       0.369989880000000E+02
      -0.967498380000000E+02       0.369989880000000E+02
      -0.967920600000000E+02       0.369991800000000E+02
      -0.967951990000000E+02       0.369988600000000E+02
      -0.968227910000000E+02       0.369991820000000E+02
      -0.968227910000000E+02       0.369991820000000E+02
      -0.968675170000000E+02       0.369992170000000E+02
      -0.968762900000000E+02       0.369992330000000E+02
      -0.969020830000000E+02       0.369991550000000E+02
      -0.969035100000000E+02       0.369991320000000E+02
      -0.969035100000000E+02       0.369991320000000E+02
      -0.969170930000000E+02       0.369991820000000E+02
      -0.969219150000000E+02       0.369991510000000E+02
      -0.969249342795631E+02       0.369991317840304E+02
      -0.969249342795631E+02       0.369991317840304E+02
      -0.969346420000000E+02       0.369990700000000E+02
      -0.969673710000000E+02       0.369990670000000E+02
      -0.969755620000000E+02       0.369990190000000E+02
      -0.970300820000000E+02       0.369989290000000E+02
      -0.970397840000000E+02       0.369990000000000E+02
      -0.970397840000000E+02       0.369990000000000E+02
      -0.970455628835761E+02       0.369989998101175E+02
      -0.971006520000000E+02       0.369989980000000E+02
      -0.971042760000000E+02       0.369990200000000E+02
      -0.971202850000000E+02       0.369990140000000E+02
      -0.971225970000000E+02       0.369990360000000E+02
      -0.971477210000000E+02       0.369991110000000E+02
      -0.971477210000000E+02       0.369991110000000E+02
      -0.972020000131345E+02       0.369990506094647E+02
      -0.972558291851819E+02       0.369989907194201E+02
      -0.973428084666041E+02       0.369988939467439E+02
      -0.973623768922033E+02       0.369988721750198E+02
      -0.973649299727453E+02       0.369988693344762E+02
      -0.973724210000000E+02       0.369988610000000E+02
      -0.973849250000000E+02       0.369988430000000E+02
      -0.974622800000000E+02       0.369986850000000E+02
      -0.974622800000000E+02       0.369986850000000E+02
      -0.974728610000000E+02       0.369987210000000E+02
      -0.974728610000000E+02       0.369987210000000E+02
      -0.975272920000000E+02       0.369987500000000E+02
      -0.975459000000000E+02       0.369987090000000E+02
      -0.975464980000000E+02       0.369987470000000E+02
      -0.975645360000000E+02       0.369987110000000E+02
      -0.975824600390514E+02       0.369986986277073E+02
      -0.975824600390514E+02       0.369986986277073E+02
      -0.976065490000000E+02       0.369986820000000E+02
      -0.976371370000000E+02       0.369990900000000E+02
      -0.976371370000000E+02       0.369990900000000E+02
      -0.976504660000000E+02       0.369990040000000E+02
      -0.976921800071447E+02       0.369988447930599E+02
      -0.976921800071447E+02       0.369988447930599E+02
      -0.976971040000000E+02       0.369988260000000E+02
      -0.977687040000000E+02       0.369987500000000E+02
      -0.977834320000000E+02       0.369989610000000E+02
      -0.977834890000000E+02       0.369988470000000E+02
      -0.978022980000000E+02       0.369987130000000E+02
      -0.978022980000000E+02       0.369987130000000E+02
      -0.979653790458385E+02       0.369984687202118E+02
      -0.980339550000000E+02       0.369983660000000E+02
      -0.980398900000000E+02       0.369983490000000E+02
      -0.980453420000000E+02       0.369983270000000E+02
      -0.981119850000000E+02       0.369981330000000E+02
      -0.981119850000000E+02       0.369981330000000E+02
      -0.981281854367817E+02       0.369981462464732E+02
      -0.981281854367817E+02       0.369981462464732E+02
      -0.981474520000000E+02       0.369981620000000E+02
      -0.981775960000000E+02       0.369980090000000E+02
      -0.981775960000000E+02       0.369980090000000E+02
      -0.981903674968412E+02       0.369980039951681E+02
      -0.982082180000000E+02       0.369979970000000E+02
      -0.982194990000000E+02       0.369978240000000E+02
      -0.982377120000000E+02       0.369979720000000E+02
      -0.983461880000000E+02       0.369979620000000E+02
      -0.983471860112309E+02       0.369979618734291E+02
      -0.983540730000000E+02       0.369979610000000E+02
      -0.984089910000000E+02       0.369985130000000E+02
      -0.984182680000000E+02       0.369985380000000E+02
      -0.984202090000000E+02       0.369985160000000E+02
      -0.984765846555657E+02       0.369987335199564E+02
      -0.984765846555657E+02       0.369987335199564E+02
      -0.984854959524534E+02       0.369987679033244E+02
      -0.985448720000000E+02       0.369989970000000E+02
      -0.985448720000000E+02       0.369989970000000E+02
      -0.986222442416897E+02       0.369990257340912E+02
      -0.986222442416897E+02       0.369990257340912E+02
      -0.987145120000000E+02       0.369990600000000E+02
      -0.987184650000000E+02       0.369991800000000E+02
      -0.987615970000000E+02       0.369994250000000E+02
      -0.987919360000000E+02       0.369992550000000E+02
      -0.987937110000000E+02       0.369992270000000E+02
      -0.987974520000000E+02       0.369992290000000E+02
      -0.988118322377421E+02       0.369992403848292E+02
      -0.988694490000000E+02       0.369992860000000E+02
      -0.988800090000000E+02       0.369992630000000E+02
      -0.988805800000000E+02       0.369993090000000E+02
      -0.989943710000000E+02       0.369994930000000E+02
      -0.990008462513606E+02       0.369995118890819E+02
      -0.990008462513606E+02       0.369995118890819E+02
      -0.990293370000000E+02       0.369995950000000E+02
      -0.990447034161058E+02       0.369993127011679E+02
      -0.990496950000000E+02       0.369992210000000E+02
      -0.991248830000000E+02       0.369994200000000E+02
      -0.991294490000000E+02       0.369994220000000E+02
      -0.992154296910892E+02       0.369995256077797E+02
      -0.992154296910892E+02       0.369995256077797E+02
      -0.992214707982088E+02       0.369995328873873E+02
      -0.992259439051258E+02       0.369995382775356E+02
      -0.992481200000000E+02       0.369995650000000E+02
      -0.992775060000000E+02       0.369995790000000E+02
      -0.993753910000000E+02       0.370001770000000E+02
      -0.993758132151853E+02       0.370001690160422E+02
      -0.993966730540160E+02       0.369997745629806E+02
      -0.994070150000000E+02       0.369995790000000E+02
      -0.994562030000000E+02       0.369994710000000E+02
      -0.994562030000000E+02       0.369994710000000E+02
      -0.994843330000000E+02       0.369996260000000E+02
      -0.995003950000000E+02       0.369995760000000E+02
      -0.995003950000000E+02       0.369996370000000E+02
      -0.995026650000000E+02       0.369996450000000E+02
      -0.995040930000000E+02       0.369996480000000E+02
      -0.995085740000000E+02       0.369996580000000E+02
      -0.995411156700951E+02       0.369995725266676E+02
      -0.995411156700951E+02       0.369995725266676E+02
      -0.995580680000000E+02       0.369995280000000E+02
      -0.996253990000000E+02       0.369996710000000E+02
      -0.996486520000000E+02       0.369996040000000E+02
      -0.996576580000000E+02       0.370001970000000E+02
      -0.996754798991197E+02       0.370002948242617E+02
      -0.997008045542892E+02       0.370004338310912E+02
      -0.997224994102239E+02       0.370005529139819E+02
      -0.997224994102239E+02       0.370005529139819E+02
      -0.997742550000000E+02       0.370008370000000E+02
      -0.997748160000000E+02       0.370008410000000E+02
      -0.997860160000000E+02       0.370009310000000E+02
      -0.998754090000000E+02       0.370016590000000E+02
      -0.999048971390369E+02       0.370016521074872E+02
      -0.999952010000000E+02       0.370016310000000E+02
      -0.100001286000000E+03       0.370016990000000E+02
      -0.100002563000000E+03       0.370017060000000E+02
      -0.100002563000000E+03       0.370017060000000E+02
      -0.100005706000000E+03       0.370017260000000E+02
      -0.100089491179950E+03       0.370020915548863E+02
      -0.100089491179950E+03       0.370020915548863E+02
      -0.100115722000000E+03       0.370022060000000E+02
      -0.100187547000000E+03       0.370020820000000E+02
      -0.100192371000000E+03       0.370020360000000E+02
      -0.100193754000000E+03       0.370021330000000E+02
      -0.100201676000000E+03       0.370020810000000E+02
      -0.100269984573602E+03       0.370017957969375E+02
      -0.100395563941388E+03       0.370012714759279E+02
      -0.100434302684862E+03       0.370011097332989E+02
      -0.100434343961694E+03       0.370011095609592E+02
      -0.100436759028295E+03       0.370010994775340E+02
      -0.100462594151136E+03       0.370009916103108E+02
      -0.100526354155903E+03       0.370007253985066E+02
      -0.100551598000000E+03       0.370006200000000E+02
      -0.100552683000000E+03       0.370007350000000E+02
      -0.100591328000000E+03       0.370003760000000E+02
      -0.100591413000000E+03       0.370003990000000E+02
      -0.100629770000000E+03       0.370000250000000E+02
      -0.100633327000000E+03       0.369999360000000E+02
      -0.100633327000000E+03       0.369999360000000E+02
      -0.100675552000000E+03       0.369996880000000E+02
      -0.100734517000000E+03       0.369990590000000E+02
      -0.100756894000000E+03       0.369993570000000E+02
      -0.100759718826765E+03       0.369992978068897E+02
      -0.100759718826765E+03       0.369992978068897E+02
      -0.100765484000000E+03       0.369991770000000E+02
      -0.100806116000000E+03       0.369990910000000E+02
      -0.100814277000000E+03       0.369990850000000E+02
      -0.100850054835707E+03       0.369986879202653E+02
      -0.100855634000000E+03       0.369986260000000E+02
      -0.100891660000000E+03       0.369986040000000E+02
      -0.100904274000000E+03       0.369987450000000E+02
      -0.100904274000000E+03       0.369987450000000E+02
      -0.100904588000000E+03       0.369985610000000E+02
      -0.100945566000000E+03       0.369981520000000E+02
      -0.100945566000000E+03       0.369981520000000E+02
      -0.100958261085234E+03       0.369981250825113E+02
      -0.100996502000000E+03       0.369980440000000E+02
      -0.100996502000000E+03       0.369980440000000E+02
      -0.101012641000000E+03       0.369981760000000E+02
      -0.101053589000000E+03       0.369979670000000E+02
      -0.101066742000000E+03       0.369979210000000E+02
      -0.101066742000000E+03       0.369979210000000E+02
      -0.101096255470167E+03       0.369977584907718E+02
      -0.101211486000000E+03       0.369971240000000E+02
      -0.101212909000000E+03       0.369970440000000E+02
      -0.101283204233334E+03       0.369966689640042E+02
      -0.101283204233334E+03       0.369966689640042E+02
      -0.101357797000000E+03       0.369962710000000E+02
      -0.101359674000000E+03       0.369962320000000E+02
      -0.101378180000000E+03       0.369961640000000E+02
      -0.101413868000000E+03       0.369960080000000E+02
      -0.101415005000000E+03       0.369959660000000E+02
      -0.101485326000000E+03       0.369956110000000E+02
      -0.101519066000000E+03       0.369955460000000E+02
      -0.101555239000000E+03       0.369954140000000E+02
      -0.101555239000000E+03       0.369954140000000E+02
      -0.101600396000000E+03       0.369951530000000E+02
      -0.101601593000000E+03       0.369950950000000E+02
      -0.101672152845644E+03       0.369947682895293E+02
      -0.101672152845651E+03       0.369947682895293E+02
      -0.101718235173868E+03       0.369945549163422E+02
      -0.101761767880686E+03       0.369943533485666E+02
      -0.101826607533765E+03       0.369940531240779E+02
      -0.101862548907231E+03       0.369938867061537E+02
      -0.101881050066963E+03       0.369938010409634E+02
      -0.101899294480823E+03       0.369937165645734E+02
      -0.101902440000000E+03       0.369937020000000E+02
      -0.101902440000000E+03       0.369937020000000E+02
      -0.101905152836626E+03       0.369936894609468E+02
      -0.101935215160372E+03       0.369935505093141E+02
      -0.101935215160372E+03       0.369935505093141E+02
      -0.102000447000000E+03       0.369932490000000E+02
      -0.102000447000000E+03       0.369932720000000E+02
      -0.102028207000000E+03       0.369931250000000E+02
      -0.102028207000000E+03       0.369931250000000E+02
      -0.102042240000000E+03       0.369930830000000E+02
      -0.102042240000000E+03       0.369930830000000E+02
      -0.102041952000000E+03       0.370247420000000E+02
      -0.102041950000000E+03       0.370308050000000E+02
      -0.102041921000000E+03       0.370321780000000E+02
      -0.102041749000000E+03       0.370343970000000E+02
      -0.102041920000000E+03       0.370350830000000E+02
      -0.102041983000000E+03       0.371065510000000E+02
      -0.102041809000000E+03       0.371119730000000E+02
      -0.102042092000000E+03       0.371250210000000E+02
      -0.102042135000000E+03       0.371250210000000E+02
      -0.102042121535384E+03       0.371267139983556E+02
      -0.102042002000000E+03       0.371417440000000E+02
      -0.102041963000000E+03       0.372581640000000E+02
      -0.102041664000000E+03       0.372976500000000E+02
      -0.102041817000000E+03       0.373094900000000E+02
      -0.102041974000000E+03       0.373526130000000E+02
      -0.102042089000000E+03       0.373528190000000E+02
      -0.102041524000000E+03       0.373750180000000E+02
      -0.102041585760608E+03       0.373891904341498E+02
      -0.102041585760608E+03       0.373891904341498E+02
      -0.102041676000000E+03       0.374098980000000E+02
      -0.102041669000000E+03       0.374347400000000E+02
      -0.102041755000000E+03       0.374348550000000E+02
      -0.102041801000000E+03       0.374694880000000E+02
      -0.102041786000000E+03       0.375060660000000E+02
      -0.102042016000000E+03       0.375352610000000E+02
      -0.102041899000000E+03       0.375411860000000E+02
      -0.102041894000000E+03       0.375579770000000E+02
      -0.102041618000000E+03       0.376078680000000E+02
      -0.102041585000000E+03       0.376442820000000E+02
      -0.102041585000000E+03       0.376442820000000E+02
      -0.102041582000000E+03       0.376544950000000E+02
      -0.102041694000000E+03       0.376656810000000E+02
      -0.102041574000000E+03       0.376804360000000E+02
      -0.102041876000000E+03       0.377238750000000E+02
      -0.102041989965869E+03       0.377385406291655E+02
      -0.102042158000000E+03       0.377601640000000E+02
      -0.102042668000000E+03       0.377887580000000E+02
      -0.102042953000000E+03       0.378035350000000E+02
      -0.102043033000000E+03       0.378241460000000E+02
      -0.102043219000000E+03       0.378679290000000E+02
      -0.102043714531331E+03       0.379140039147982E+02
      -0.102043845000000E+03       0.379261350000000E+02
      -0.102043844000000E+03       0.379281020000000E+02
      -0.102044644000000E+03       0.380455320000000E+02
      -0.102044255000000E+03       0.381130110000000E+02
      -0.102044450868203E+03       0.381200493537932E+02
      -0.102044589000000E+03       0.381250130000000E+02
      -0.102044415729021E+03       0.381336073431001E+02
      -0.102044251000000E+03       0.381417780000000E+02
      -0.102044296878805E+03       0.381755588448994E+02
      -0.102044398000000E+03       0.382500150000000E+02
      -0.102044510721729E+03       0.382624833493162E+02
      -0.102044510721729E+03       0.382624833493162E+02
      -0.102044568000000E+03       0.382688190000000E+02
      -0.102044568000000E+03       0.382688190000000E+02
      -0.102044613000000E+03       0.383123240000000E+02
      -0.102044944000000E+03       0.383844190000000E+02
      -0.102044442000000E+03       0.384158020000000E+02
      -0.102044936000000E+03       0.384196800000000E+02
      -0.102045324000000E+03       0.384536470000000E+02
      -0.102045263000000E+03       0.385053950000000E+02
      -0.102045262000000E+03       0.385055320000000E+02
      -0.102045112000000E+03       0.385237840000000E+02
      -0.102045223000000E+03       0.385437970000000E+02
      -0.102045189000000E+03       0.385587320000000E+02
      -0.102045211000000E+03       0.385816090000000E+02
      -0.102045288000000E+03       0.386152490000000E+02
      -0.102045288000000E+03       0.386152490000000E+02
      -0.102045074000000E+03       0.386696170000000E+02
      -0.102045102000000E+03       0.386749460000000E+02
      -0.102045160000000E+03       0.386752210000000E+02
      -0.102045127000000E+03       0.386867250000000E+02
      -0.102045156000000E+03       0.386885550000000E+02
      -0.102045212000000E+03       0.386975670000000E+02
      -0.102045212000000E+03       0.386975670000000E+02
      -0.102045375000000E+03       0.387543390000000E+02
      -0.102045287000000E+03       0.387555280000000E+02
      -0.102045371000000E+03       0.387700640000000E+02
      -0.102045448000000E+03       0.387834530000000E+02
      -0.102045334000000E+03       0.387994630000000E+02
      -0.102045388000000E+03       0.388133920000000E+02
      -0.102046571000000E+03       0.390470380000000E+02
      -0.102046571000000E+03       0.390470380000000E+02
      -0.102047134000000E+03       0.391297010000000E+02
      -0.102047188612928E+03       0.391331467932702E+02
      -0.102047188612928E+03       0.391331467932702E+02
      -0.102047250000000E+03       0.391370200000000E+02
      -0.102047851021058E+03       0.392202897382426E+02
      -0.102047851021058E+03       0.392202897382426E+02
      -0.102048449000000E+03       0.393031380000000E+02
      -0.102048960000000E+03       0.393737120000000E+02
      -0.102049100972149E+03       0.393940644284374E+02
      -0.102049167000000E+03       0.394035970000000E+02
      -0.102049370000000E+03       0.394182100000000E+02
      -0.102049369000000E+03       0.394233330000000E+02
      -0.102049679000000E+03       0.395061830000000E+02
      -0.102049673000000E+03       0.395366910000000E+02
      -0.102049554000000E+03       0.395389320000000E+02
      -0.102049763758475E+03       0.395681700007754E+02
      -0.102049806000000E+03       0.395740580000000E+02
      -0.102049806000000E+03       0.395740580000000E+02
      -0.102049954000000E+03       0.395923310000000E+02
      -0.102050258163749E+03       0.396272428890694E+02
      -0.102050422000000E+03       0.396460480000000E+02
      -0.102050099000000E+03       0.396538120000000E+02
      -0.102050594000000E+03       0.396755940000000E+02
      -0.102050898693231E+03       0.397417946060536E+02
      -0.102051254000000E+03       0.398189920000000E+02
      -0.102051318000000E+03       0.398333110000000E+02
      -0.102051363000000E+03       0.398434710000000E+02
      -0.102051569000000E+03       0.398498050000000E+02
      -0.102051744000000E+03       0.400030780000000E+02
END
END
