         1      -0.711705878377252E+02       0.427749264042550E+02
      -0.709148990000000E+02       0.428865890000000E+02
      -0.709148860000000E+02       0.428865640000000E+02
      -0.709148860000000E+02       0.428865640000000E+02
      -0.709027680000000E+02       0.428865300000000E+02
      -0.708861360000000E+02       0.428826100000000E+02
      -0.708837340828846E+02       0.428812223551543E+02
      -0.708486250000000E+02       0.428609390000000E+02
      -0.708373760000000E+02       0.428649960000000E+02
      -0.708307950000000E+02       0.428689180000000E+02
      -0.708246893731782E+02       0.428709216413302E+02
      -0.708242057821719E+02       0.428710803380464E+02
      -0.708217690000000E+02       0.428718800000000E+02
      -0.708172960000000E+02       0.428722900000000E+02
      -0.708172960000000E+02       0.428722900000000E+02
      -0.708172990608193E+02       0.428721374726911E+02
      -0.708177310000000E+02       0.428506130000000E+02
      -0.708163204886976E+02       0.428428546804995E+02
      -0.708148018328305E+02       0.428345015269947E+02
      -0.708134750359298E+02       0.428272036668141E+02
      -0.708119798296588E+02       0.428189794945222E+02
      -0.708106593236252E+02       0.428117162363735E+02
      -0.708105914279977E+02       0.428113427860012E+02
      -0.708105841125433E+02       0.428113025483708E+02
      -0.708052200000000E+02       0.427817980000000E+02
      -0.707940737856580E+02       0.427505059484026E+02
      -0.707928670000000E+02       0.427471180000000E+02
      -0.707838651507689E+02       0.427313630159136E+02
      -0.707722670000000E+02       0.427110640000000E+02
      -0.707704530000000E+02       0.427048240000000E+02
      -0.707785522328027E+02       0.426985199438958E+02
      -0.707786369066378E+02       0.426950313855659E+02
      -0.707786711101813E+02       0.426936222010573E+02
      -0.707644210000000E+02       0.426856500000000E+02
      -0.707487520000000E+02       0.426838780000000E+02
      -0.707444270000000E+02       0.426820920000000E+02
      -0.707298200000000E+02       0.426696020000000E+02
      -0.707288450000000E+02       0.426638770000000E+02
      -0.707263548187753E+02       0.426632104347446E+02
      -0.706894020000000E+02       0.426533190000000E+02
      -0.706847150823779E+02       0.426541492618467E+02
      -0.706825940000000E+02       0.426545250000000E+02
      -0.706815940000000E+02       0.426623420000000E+02
      -0.706720416957596E+02       0.426704201178661E+02
      -0.706635480000000E+02       0.426776030000000E+02
      -0.706451010000000E+02       0.426894230000000E+02
      -0.706402297593056E+02       0.426904851794805E+02
      -0.706300770000000E+02       0.426926990000000E+02
      -0.706200310000000E+02       0.426880060000000E+02
      -0.706228640000000E+02       0.426759900000000E+02
      -0.706235999491417E+02       0.426678574137437E+02
      -0.706237391972398E+02       0.426663186563687E+02
      -0.706238150000000E+02       0.426654810000000E+02
      -0.706227910000000E+02       0.426608730000000E+02
      -0.706214905033684E+02       0.426603471562359E+02
      -0.706204068408629E+02       0.426599089873418E+02
      -0.706152112507877E+02       0.426578081986311E+02
      -0.706152035589117E+02       0.426578050884923E+02
      -0.706148200000000E+02       0.426576500000000E+02
      -0.706078290073833E+02       0.426586206299064E+02
      -0.705996351336000E+02       0.426597582679184E+02
      -0.705965744168271E+02       0.426601832180504E+02
      -0.705954837815711E+02       0.426603346419260E+02
      -0.705954740000000E+02       0.426603360000000E+02
      -0.705917420000000E+02       0.426485080000000E+02
      -0.705914690000000E+02       0.426398210000000E+02
      -0.705940140000000E+02       0.426350300000000E+02
      -0.705978242862018E+02       0.426349866303545E+02
      -0.706056110000000E+02       0.426348980000000E+02
      -0.706181101818083E+02       0.426287913656213E+02
      -0.706184200000000E+02       0.426286400000000E+02
      -0.706184837996503E+02       0.426285347592988E+02
      -0.706191749038797E+02       0.426273947484477E+02
      -0.706197236010893E+02       0.426264896450693E+02
      -0.706264584458060E+02       0.426153801832383E+02
      -0.706300448727699E+02       0.426094641933171E+02
      -0.706356350000000E+02       0.426002430000000E+02
      -0.706358535293224E+02       0.426000368668255E+02
      -0.706547270000000E+02       0.425822340000000E+02
      -0.706648870000000E+02       0.425804360000000E+02
      -0.706680223724085E+02       0.425817315372500E+02
      -0.706681154433567E+02       0.425853613853930E+02
      -0.706684877343640E+02       0.425896427437005E+02
      -0.706704422711705E+02       0.425922487897698E+02
      -0.706725829498734E+02       0.425942963939172E+02
      -0.706744282828034E+02       0.425945134922183E+02
      -0.706757474342572E+02       0.425946686867282E+02
      -0.706788188440856E+02       0.425943894666690E+02
      -0.706814282631183E+02       0.425931730328705E+02
      -0.706845019758551E+02       0.425888580133313E+02
      -0.706875777545429E+02       0.425863520594404E+02
      -0.706985740000000E+02       0.425773930000000E+02
      -0.707168825704199E+02       0.425739312361708E+02
      -0.707296880000000E+02       0.425715100000000E+02
      -0.707370440000000E+02       0.425768630000000E+02
      -0.707572830000000E+02       0.425704550000000E+02
      -0.707605956355493E+02       0.425698279714799E+02
      -0.707764873973123E+02       0.425668199171042E+02
      -0.707940236634560E+02       0.425635005845535E+02
      -0.708040910000000E+02       0.425615950000000E+02
      -0.708153910000000E+02       0.425541950000000E+02
      -0.708232910000000E+02       0.425514950000000E+02
      -0.708480981447178E+02       0.425502153171250E+02
      -0.708484920000000E+02       0.425501950000000E+02
      -0.708488920000000E+02       0.425501287478195E+02
      -0.708576442790340E+02       0.425486791038935E+02
      -0.708604995614035E+02       0.425482061821862E+02
      -0.708703079368247E+02       0.425465816165391E+02
      -0.708713815915808E+02       0.425464037866173E+02
      -0.708717191025104E+02       0.425452095184901E+02
      -0.708723570651314E+02       0.425429521147801E+02
      -0.708716591036079E+02       0.425406169590256E+02
      -0.708714771862771E+02       0.425400083218910E+02
      -0.708664061552047E+02       0.425230422757817E+02
      -0.708662791257328E+02       0.425226172758465E+02
      -0.708597509639695E+02       0.425204412233795E+02
      -0.708571246934999E+02       0.425214917315673E+02
      -0.708505519055240E+02       0.425206187529319E+02
      -0.708420910000000E+02       0.425194950000000E+02
      -0.708398879377661E+02       0.425163107739584E+02
      -0.708363860076267E+02       0.425112492114779E+02
      -0.708360907399015E+02       0.425108224422450E+02
      -0.708310910000000E+02       0.425035960000000E+02
      -0.708359910000000E+02       0.424904960000000E+02
      -0.708415910000000E+02       0.424875960000000E+02
      -0.708473910000000E+02       0.424914960000000E+02
      -0.708577910000000E+02       0.424902960000000E+02
      -0.708608874183758E+02       0.424886701011222E+02
      -0.708700255585747E+02       0.424838717534538E+02
      -0.708794964970185E+02       0.424788986566955E+02
      -0.708796920000000E+02       0.424787960000000E+02
      -0.708864227384001E+02       0.424702858368619E+02
      -0.708864930000000E+02       0.424701970000000E+02
      -0.708876690813241E+02       0.424677640258933E+02
      -0.708879920000000E+02       0.424670960000000E+02
      -0.708872920000000E+02       0.424648960000000E+02
      -0.708942920000000E+02       0.424608960000000E+02
      -0.709026832087912E+02       0.424645443516483E+02
      -0.709080920000000E+02       0.424668960000000E+02
      -0.709094207485001E+02       0.424670482365743E+02
      -0.709176930000000E+02       0.424679960000000E+02
      -0.709219930000000E+02       0.424666960000000E+02
      -0.709286686756757E+02       0.424621770810811E+02
      -0.709288633339882E+02       0.424620453123772E+02
      -0.709303179974664E+02       0.424610606170997E+02
      -0.709349930000000E+02       0.424578960000000E+02
      -0.709349254772071E+02       0.424566684937837E+02
      -0.709349251378800E+02       0.424566623251089E+02
      -0.709342641201558E+02       0.424446455922373E+02
      -0.709331550472276E+02       0.424378327130469E+02
      -0.709282257890563E+02       0.424309863429523E+02
      -0.709260757918718E+02       0.424305159307322E+02
      -0.709131920000000E+02       0.424276970000000E+02
      -0.709083920000000E+02       0.424251970000000E+02
      -0.709019920000000E+02       0.424202970000000E+02
      -0.709056920000000E+02       0.424161970000000E+02
      -0.709103338203810E+02       0.424164842694285E+02
      -0.709231107231898E+02       0.424172749966145E+02
      -0.709363930000000E+02       0.424180970000000E+02
      -0.709400884948276E+02       0.424278154503583E+02
      -0.709432951421321E+02       0.424362483244654E+02
      -0.709436120192344E+02       0.424520922256322E+02
      -0.709440751571301E+02       0.424526553575156E+02
      -0.709470196107773E+02       0.424562355347006E+02
      -0.709489573879864E+02       0.424547848485617E+02
      -0.709604701320410E+02       0.424461660155285E+02
      -0.709606474659782E+02       0.424437874152131E+02
      -0.709608350000000E+02       0.424412720000000E+02
      -0.709682843218546E+02       0.424354642250841E+02
      -0.709829940000000E+02       0.424239960000000E+02
      -0.709837316578522E+02       0.424228502761020E+02
      -0.709868140076237E+02       0.424180627966695E+02
      -0.709876940000000E+02       0.424166960000000E+02
      -0.709905950000000E+02       0.424070980000000E+02
      -0.709891950000000E+02       0.424025980000000E+02
      -0.709877005101340E+02       0.424023961387173E+02
      -0.709850680480390E+02       0.424020405711171E+02
      -0.709836384877124E+02       0.423969950592892E+02
      -0.709834261865560E+02       0.423962457603784E+02
      -0.709804571371657E+02       0.423916994064773E+02
      -0.709803356214526E+02       0.423915133356636E+02
      -0.709757415567341E+02       0.423905828924331E+02
      -0.709727057913685E+02       0.423899680540477E+02
      -0.709701947073389E+02       0.423880364510920E+02
      -0.709717399889549E+02       0.423870706486784E+02
      -0.709722674535629E+02       0.423856860515270E+02
      -0.709725126278912E+02       0.423850424677272E+02
      -0.709727057913685E+02       0.423817587410181E+02
      -0.709726439410031E+02       0.423811897227138E+02
      -0.709722228864185E+02       0.423773160549687E+02
      -0.709707151110915E+02       0.423751163786861E+02
      -0.709684665420784E+02       0.423718359669172E+02
      -0.709663896887435E+02       0.423688060691989E+02
      -0.709607976213229E+02       0.423606478656158E+02
      -0.709532920000000E+02       0.423496980000000E+02
      -0.709530220000000E+02       0.423439730000000E+02
      -0.709635782314071E+02       0.423468595170105E+02
      -0.709724130363221E+02       0.423538712649588E+02
      -0.709748969387053E+02       0.423558426154987E+02
      -0.709799274721875E+02       0.423563815962552E+02
      -0.709822817138618E+02       0.423559199807493E+02
      -0.709982529919893E+02       0.423527883610379E+02
      -0.710068767606889E+02       0.423470391819048E+02
      -0.710086731752742E+02       0.423427497821896E+02
      -0.710145250434893E+02       0.423287769487125E+02
      -0.710156801942828E+02       0.423260187304675E+02
      -0.710131649310233E+02       0.423154186792650E+02
      -0.710053985671042E+02       0.423071954694981E+02
      -0.710009479201432E+02       0.423024830192524E+02
      -0.710028065816868E+02       0.422973556758640E+02
      -0.710054735685822E+02       0.422899984689144E+02
      -0.710061581150381E+02       0.422881100644565E+02
      -0.710061346431154E+02       0.422880094707666E+02
      -0.710054664719843E+02       0.422851458877361E+02
      -0.710053704938961E+02       0.422847345541542E+02
      -0.710053041891820E+02       0.422844503918408E+02
      -0.710049004781859E+02       0.422827202064081E+02
      -0.710027641781183E+02       0.422799299353155E+02
      -0.709995480798504E+02       0.422757293147362E+02
      -0.709960970480736E+02       0.422712218420492E+02
      -0.709914789133714E+02       0.422687351556109E+02
      -0.709905229862977E+02       0.422682204259542E+02
      -0.709890902286068E+02       0.422674489415023E+02
      -0.709770772815213E+02       0.422678460636008E+02
      -0.709673511384819E+02       0.422681675888940E+02
      -0.709573912269580E+02       0.422705176605558E+02
      -0.709489705199025E+02       0.422725045522040E+02
      -0.709455466385201E+02       0.422690806731912E+02
      -0.709395385649164E+02       0.422660386099821E+02
      -0.709388854090294E+02       0.422657078980727E+02
      -0.709358864067557E+02       0.422641894155968E+02
      -0.709231691438823E+02       0.422632111647888E+02
      -0.709109410004887E+02       0.422654122296992E+02
      -0.709063020124699E+02       0.422716362051788E+02
      -0.708962672312601E+02       0.422850995363923E+02
      -0.708961218642338E+02       0.422872800481235E+02
      -0.708960326784445E+02       0.422886178388520E+02
      -0.708957781070409E+02       0.422924364210066E+02
      -0.708962106847335E+02       0.422935375328488E+02
      -0.708971231962739E+02       0.422958603000194E+02
      -0.709155876900494E+02       0.423024634959353E+02
      -0.709174895821622E+02       0.423056864663422E+02
      -0.709075563771860E+02       0.423078889652923E+02
      -0.708827640000000E+02       0.423088600000000E+02
      -0.708820654632666E+02       0.423050979069621E+02
      -0.708812420000000E+02       0.423006630000000E+02
      -0.708792632219509E+02       0.422978014148090E+02
      -0.708766195947974E+02       0.422939783663793E+02
      -0.708758094313567E+02       0.422928067586261E+02
      -0.708718591032205E+02       0.422870940408710E+02
      -0.708708730000000E+02       0.422856680000000E+02
      -0.708673526155958E+02       0.422819002645186E+02
      -0.708618070000000E+02       0.422759650000000E+02
      -0.708572916423679E+02       0.422727219836682E+02
      -0.708510930000000E+02       0.422682700000000E+02
      -0.708310750000000E+02       0.422674240000000E+02
      -0.708246608567055E+02       0.422659346766022E+02
      -0.708117420000000E+02       0.422629350000000E+02
      -0.707913601370775E+02       0.422549524431208E+02
      -0.707887240000000E+02       0.422539200000000E+02
      -0.707807224526948E+02       0.422517919304010E+02
      -0.707709640575636E+02       0.422491966143675E+02
      -0.707647570000000E+02       0.422440620000000E+02
      -0.707544880000000E+02       0.422286730000000E+02
      -0.707491765651656E+02       0.422236550186471E+02
      -0.707472300000000E+02       0.422218160000000E+02
      -0.707450489156861E+02       0.422203929962208E+02
      -0.707362447005440E+02       0.422146488664137E+02
      -0.707346756398481E+02       0.422136251649063E+02
      -0.707305600000000E+02       0.422109400000000E+02
      -0.707222690000000E+02       0.422079590000000E+02
      -0.707212245577224E+02       0.422011839064381E+02
      -0.707187070000000E+02       0.421848530000000E+02
      -0.707185653135532E+02       0.421843362271447E+02
      -0.707143010000000E+02       0.421687830000000E+02
      -0.707129206382578E+02       0.421678132945879E+02
      -0.707062640000000E+02       0.421631370000000E+02
      -0.706853150000000E+02       0.421330250000000E+02
      -0.706794324390250E+02       0.421262332609469E+02
      -0.706639310000000E+02       0.421083360000000E+02
      -0.706602245772400E+02       0.421052627045013E+02
      -0.706401690000000E+02       0.420886330000000E+02
      -0.706384800000000E+02       0.420815790000000E+02
      -0.706440050400514E+02       0.420783097012978E+02
      -0.706440277285582E+02       0.420782962759642E+02
      -0.706473490000000E+02       0.420763310000000E+02
      -0.706477019757518E+02       0.420730194914605E+02
      -0.706477037767903E+02       0.420730025946787E+02
      -0.706481900000000E+02       0.420684410000000E+02
      -0.706432080000000E+02       0.420508210000000E+02
      -0.706443368052116E+02       0.420458945069369E+02
      -0.706505465680108E+02       0.420462293444905E+02
      -0.706508740000000E+02       0.420462470000000E+02
      -0.706693600000000E+02       0.420371160000000E+02
      -0.706711538652266E+02       0.420248825548335E+02
      -0.706712409295863E+02       0.420242888106354E+02
      -0.706712483922684E+02       0.420242379181209E+02
      -0.706713045952901E+02       0.420238546359357E+02
      -0.706716660000000E+02       0.420213900000000E+02
      -0.706675120000000E+02       0.420123200000000E+02
      -0.706709340000000E+02       0.420077860000000E+02
      -0.706787980000000E+02       0.420055100000000E+02
      -0.706867980908651E+02       0.420127637949365E+02
      -0.706958089503962E+02       0.420133461294889E+02
      -0.707122040000000E+02       0.420075860000000E+02
      -0.707110203108733E+02       0.420031992590059E+02
      -0.707100340000000E+02       0.419995440000000E+02
      -0.707091810608740E+02       0.419985839515366E+02
      -0.706989810000000E+02       0.419871030000000E+02
      -0.706934757952893E+02       0.419831048940890E+02
      -0.706736893949918E+02       0.419687351970216E+02
      -0.706655747580544E+02       0.419628420141864E+02
      -0.706624760464287E+02       0.419605916024546E+02
      -0.706570208863543E+02       0.419596369493424E+02
      -0.706516733652277E+02       0.419587011330481E+02
      -0.706483650411497E+02       0.419616718703130E+02
      -0.706481159218335E+02       0.419615088838709E+02
      -0.706421431622195E+02       0.419576012027906E+02
      -0.706333891675074E+02       0.419518738972025E+02
      -0.706312510000000E+02       0.419504750000000E+02
      -0.706235125176287E+02       0.419432725826758E+02
      -0.706164910000000E+02       0.419402040000000E+02
      -0.706081660000000E+02       0.419407010000000E+02
      -0.705980780000000E+02       0.419477720000000E+02
      -0.705835720000000E+02       0.419500070000000E+02
      -0.705791597480325E+02       0.419470733731654E+02
      -0.705599141597577E+02       0.419342773282826E+02
      -0.705544574433325E+02       0.419306492558489E+02
      -0.705529410000000E+02       0.419296410000000E+02
      -0.705490273258894E+02       0.419219450031601E+02
      -0.705463860000000E+02       0.419167510000000E+02
      -0.705474100000000E+02       0.419119340000000E+02
      -0.705467198537591E+02       0.419096779161898E+02
      -0.705459490000000E+02       0.419071580000000E+02
      -0.705342845187581E+02       0.418923597147461E+02
      -0.705320840000000E+02       0.418895680000000E+02
      -0.705297006537698E+02       0.418782901680148E+02
      -0.705255670000000E+02       0.418587300000000E+02
      -0.705348558300182E+02       0.418406120995946E+02
      -0.705354870000000E+02       0.418393810000000E+02
      -0.705420650000000E+02       0.418312630000000E+02
      -0.705431680000000E+02       0.418244460000000E+02
      -0.705410300000000E+02       0.418157540000000E+02
      -0.705372894242408E+02       0.418108591792250E+02
      -0.705372880222638E+02       0.418108573446341E+02
      -0.705326560000000E+02       0.418047960000000E+02
      -0.705194339943887E+02       0.417927899505623E+02
      -0.705174110000000E+02       0.417909530000000E+02
      -0.704969394191777E+02       0.417759955936465E+02
      -0.704940480000000E+02       0.417738830000000E+02
      -0.704915473562073E+02       0.417725135151349E+02
      -0.704840554188272E+02       0.417684105337816E+02
      -0.704830304101064E+02       0.417678491847667E+02
      -0.704761396917943E+02       0.417640754627892E+02
      -0.704740372335094E+02       0.417629240453786E+02
      -0.704715520000000E+02       0.417615630000000E+02
      -0.704474377705490E+02       0.417545560113285E+02
      -0.704280610245617E+02       0.417489256162168E+02
      -0.704124760000000E+02       0.417443970000000E+02
      -0.703830178841005E+02       0.417399404039283E+02
      -0.703801736787555E+02       0.417395101159081E+02
      -0.703753410000000E+02       0.417387790000000E+02
      -0.703683508540543E+02       0.417384089656103E+02
      -0.703197774783575E+02       0.417358376574330E+02
      -0.702909570000000E+02       0.417343120000000E+02
      -0.702882105370035E+02       0.417328878628781E+02
      -0.702762147231291E+02       0.417266676138277E+02
      -0.702754419314138E+02       0.417262668942947E+02
      -0.702752030000000E+02       0.417261430000000E+02
      -0.702749954489722E+02       0.417258013314070E+02
      -0.702743005507851E+02       0.417246573964023E+02
      -0.702739692459246E+02       0.417241120053879E+02
      -0.702722890000000E+02       0.417213460000000E+02
      -0.702636540000000E+02       0.417141150000000E+02
      -0.702615690020685E+02       0.417140395482879E+02
      -0.702611294536926E+02       0.417140236419520E+02
      -0.702592050000000E+02       0.417139540000000E+02
      -0.702572314648339E+02       0.417155567325827E+02
      -0.702514724119126E+02       0.417202337314630E+02
      -0.702471484978670E+02       0.417237452361194E+02
      -0.702426377709182E+02       0.417274084538702E+02
      -0.702363880444443E+02       0.417324839348773E+02
      -0.702350728399486E+02       0.417335520288917E+02
      -0.702348500000000E+02       0.417337330000000E+02
      -0.702242259018270E+02       0.417389655536509E+02
      -0.702214622503131E+02       0.417403267002239E+02
      -0.702160730000000E+02       0.417429810000000E+02
      -0.701892540000000E+02       0.417519820000000E+02
      -0.701890210076735E+02       0.417519463922287E+02
      -0.701889793434273E+02       0.417519400247617E+02
      -0.701820760000000E+02       0.417508850000000E+02
      -0.701809133363920E+02       0.417511484583175E+02
      -0.701807423503458E+02       0.417511872035709E+02
      -0.701758260165985E+02       0.417523012394867E+02
      -0.701592777023407E+02       0.417560510696198E+02
      -0.701415330000000E+02       0.417600720000000E+02
      -0.701289615309839E+02       0.417592806178288E+02
      -0.701232911305753E+02       0.417589236624259E+02
      -0.701219780000000E+02       0.417588410000000E+02
      -0.701150297215779E+02       0.417609074941960E+02
      -0.701147700435116E+02       0.417609847253005E+02
      -0.701085672406121E+02       0.417628295069013E+02
      -0.701019973341453E+02       0.417647834691287E+02
      -0.700983497884248E+02       0.417658682892241E+02
      -0.700960610000000E+02       0.417665490000000E+02
      -0.700866533959089E+02       0.417684146967700E+02
      -0.700816252115341E+02       0.417694118759940E+02
      -0.700676579768592E+02       0.417721818293601E+02
      -0.700663404770042E+02       0.417724431132322E+02
      -0.700655539132538E+02       0.417725991029437E+02
      -0.700643140000000E+02       0.417728450000000E+02
      -0.700603908832827E+02       0.417742841038812E+02
      -0.700478305333667E+02       0.417788915753423E+02
      -0.700435142235753E+02       0.417804749129335E+02
      -0.700332006944169E+02       0.417842581905953E+02
      -0.700325782399967E+02       0.417844865234838E+02
      -0.700247340000000E+02       0.417873640000000E+02
      -0.700233894598058E+02       0.417884730473504E+02
      -0.700222386152225E+02       0.417894223243905E+02
      -0.700101545786471E+02       0.417993898722590E+02
      -0.700090218765908E+02       0.418003241843902E+02
      -0.700089232393704E+02       0.418004055455488E+02
      -0.700084620000000E+02       0.418007860000000E+02
      -0.700039838125569E+02       0.418082826020963E+02
      -0.700038420000000E+02       0.418085200000000E+02
      -0.700039866981686E+02       0.418153293520152E+02
      -0.700044860000000E+02       0.418388260000000E+02
      -0.700060626245952E+02       0.418519903103762E+02
      -0.700075185424763E+02       0.418641467583526E+02
      -0.700090130000000E+02       0.418766250000000E+02
      -0.700053775938900E+02       0.418808733788343E+02
      -0.700001880000000E+02       0.418869380000000E+02
      -0.700029220000000E+02       0.418903150000000E+02
      -0.700121540000000E+02       0.418916560000000E+02
      -0.700243350000000E+02       0.418988200000000E+02
      -0.700247557013014E+02       0.419032684499676E+02
      -0.700255530000000E+02       0.419116990000000E+02
      -0.700300817836001E+02       0.419275597379093E+02
      -0.700305370000000E+02       0.419291540000000E+02
      -0.700449950000000E+02       0.419300490000000E+02
      -0.700544640000000E+02       0.419273660000000E+02
      -0.700656710000000E+02       0.419116580000000E+02
      -0.700657230043004E+02       0.418996406055530E+02
      -0.700656052787050E+02       0.418956379489975E+02
      -0.700653718760515E+02       0.418877022859186E+02
      -0.700651769950550E+02       0.418863735505017E+02
      -0.700640844118541E+02       0.418789241120183E+02
      -0.700660021058093E+02       0.418770108704361E+02
      -0.700675658478127E+02       0.418777927414378E+02
      -0.700708888028844E+02       0.418829726389548E+02
      -0.700730389505065E+02       0.418997828740142E+02
      -0.700740060000000E+02       0.419386500000000E+02
      -0.700754093450762E+02       0.419579011000830E+02
      -0.700774210000000E+02       0.419854970000000E+02
      -0.700788881132714E+02       0.419916259037889E+02
      -0.700832276520056E+02       0.420097544395401E+02
      -0.700837750000000E+02       0.420120410000000E+02
      -0.700895780000000E+02       0.420248960000000E+02
      -0.700955950000000E+02       0.420328320000000E+02
      -0.701080600000000E+02       0.420436010000000E+02
      -0.701230430000000E+02       0.420516680000000E+02
      -0.701472334112944E+02       0.420615181369819E+02
      -0.701482940000000E+02       0.420619500000000E+02
      -0.701554150000000E+02       0.420624090000000E+02
      -0.701697810000000E+02       0.420597360000000E+02
      -0.701767503353642E+02       0.420570756666205E+02
      -0.701784680000000E+02       0.420564200000000E+02
      -0.701852134575987E+02       0.420515960443382E+02
      -0.701868160000000E+02       0.420504500000000E+02
      -0.701904549327885E+02       0.420452202248667E+02
      -0.701944560000000E+02       0.420394700000000E+02
      -0.701951290722305E+02       0.420354520086311E+02
      -0.701953450000000E+02       0.420341630000000E+02
      -0.701930740000000E+02       0.420275760000000E+02
      -0.701862948316261E+02       0.420213083060743E+02
      -0.701867078839547E+02       0.420199039303981E+02
      -0.701908340000000E+02       0.420200280000000E+02
      -0.701966930000000E+02       0.420224290000000E+02
      -0.702080160000000E+02       0.420307300000000E+02
      -0.702187010000000E+02       0.420458480000000E+02
      -0.702332560000000E+02       0.420577140000000E+02
      -0.702388750000000E+02       0.420604790000000E+02
      -0.702435400000000E+02       0.420605690000000E+02
      -0.702453850000000E+02       0.420637330000000E+02
      -0.702380870000000E+02       0.420728780000000E+02
      -0.702256260000000E+02       0.420786010000000E+02
      -0.702068990000000E+02       0.420819000000000E+02
      -0.701893050000000E+02       0.420823370000000E+02
      -0.701601660000000E+02       0.420786280000000E+02
      -0.701543062523630E+02       0.420771709515695E+02
      -0.701159680000000E+02       0.420676380000000E+02
      -0.700826240000000E+02       0.420546570000000E+02
      -0.700585310000000E+02       0.420403630000000E+02
      -0.700530929951422E+02       0.420354470696797E+02
      -0.700343680965634E+02       0.420185198511362E+02
      -0.700335010000000E+02       0.420177360000000E+02
      -0.700328450242379E+02       0.420168852932948E+02
      -0.700216748710408E+02       0.420023992028459E+02
      -0.700118980000000E+02       0.419897200000000E+02
      -0.699971745209633E+02       0.419668342389730E+02
      -0.699860850000000E+02       0.419495970000000E+02
      -0.699836799217013E+02       0.419443848279701E+02
      -0.699685980000000E+02       0.419117000000000E+02
      -0.699574771894663E+02       0.418799490447236E+02
      -0.699502999053921E+02       0.418594572267075E+02
      -0.699453140000000E+02       0.418452220000000E+02
      -0.699360690281912E+02       0.418098695122030E+02
      -0.699359520000000E+02       0.418094220000000E+02
      -0.699319683524753E+02       0.417722201891706E+02
      -0.699317685747656E+02       0.417703545390305E+02
      -0.699286520000000E+02       0.417412500000000E+02
      -0.699285434053219E+02       0.417274881936123E+02
      -0.699285040498101E+02       0.417225008135363E+02
      -0.699285040498101E+02       0.417225008135363E+02
      -0.699282610000000E+02       0.416917000000000E+02
      -0.699315355460001E+02       0.416770674418797E+02
      -0.699331140000000E+02       0.416700140000000E+02
      -0.699423439484487E+02       0.416543263810526E+02
      -0.699454924348760E+02       0.416489750775640E+02
      -0.699475991477749E+02       0.416453944173499E+02
      -0.699495624804783E+02       0.416428670485402E+02
      -0.699508826831565E+02       0.416411675713881E+02
      -0.699511690000000E+02       0.416407990000000E+02
      -0.699522153709343E+02       0.416405971798986E+02
      -0.699564843513063E+02       0.416397737949754E+02
      -0.699582720000000E+02       0.416394290000000E+02
      -0.699632337458669E+02       0.416337938183384E+02
      -0.699678690720453E+02       0.416275030341070E+02
      -0.699764775001175E+02       0.416036642687565E+02
      -0.699827682843489E+02       0.415818120800175E+02
      -0.699879777789638E+02       0.415558846393511E+02
      -0.699881149017564E+02       0.415552021848460E+02
      -0.699882150000000E+02       0.415547040000000E+02
      -0.699884495737960E+02       0.415544409136829E+02
      -0.699980710000000E+02       0.415436500000000E+02
      -0.700041360000000E+02       0.415421200000000E+02
      -0.700115040000000E+02       0.415429240000000E+02
      -0.700144560000000E+02       0.415455340000000E+02
      -0.700165840000000E+02       0.415507720000000E+02
      -0.700152007232940E+02       0.415528265060585E+02
      -0.700150590000000E+02       0.415530370000000E+02
      -0.700148439449709E+02       0.415530201950204E+02
      -0.700126900344584E+02       0.415528518826474E+02
      -0.700106440000000E+02       0.415526920000000E+02
      -0.700015300000000E+02       0.415619530000000E+02
      -0.699943565805465E+02       0.415768456673614E+02
      -0.699914743152516E+02       0.415896117857351E+02
      -0.699872135619953E+02       0.416084834976931E+02
      -0.699871920000000E+02       0.416085790000000E+02
      -0.699833826179239E+02       0.416173152582372E+02
      -0.699829456598005E+02       0.416183173575092E+02
      -0.699804179250717E+02       0.416241143458146E+02
      -0.699793904538854E+02       0.416264707000566E+02
      -0.699771441025108E+02       0.416316223769712E+02
      -0.699731599123875E+02       0.416407595317874E+02
      -0.699730350000000E+02       0.416410460000000E+02
      -0.699731534845880E+02       0.416469625244529E+02
      -0.699757190000000E+02       0.416537380000000E+02
      -0.699808697728386E+02       0.416570934889335E+02
      -0.699813389462697E+02       0.416573991336018E+02
      -0.699963590000000E+02       0.416671840000000E+02
      -0.700002576890174E+02       0.416687925935253E+02
      -0.700070110000000E+02       0.416715790000000E+02
      -0.700126775681522E+02       0.416718875131550E+02
      -0.700131426140084E+02       0.416719128323182E+02
      -0.700142110000000E+02       0.416719710000000E+02
      -0.700293460000000E+02       0.416677440000000E+02
      -0.700374205043790E+02       0.416668491634181E+02
      -0.700377436657667E+02       0.416668133498724E+02
      -0.700555230000000E+02       0.416648430000000E+02
      -0.700650507123997E+02       0.416642693308269E+02
      -0.700864876485699E+02       0.416629786002789E+02
      -0.700892380000000E+02       0.416628130000000E+02
      -0.701178810438877E+02       0.416559405331868E+02
      -0.701217850641935E+02       0.416550038223367E+02
      -0.701307684889456E+02       0.416528483849216E+02
      -0.701408770000000E+02       0.416504230000000E+02
      -0.701493645039580E+02       0.416504301749639E+02
      -0.701582713641440E+02       0.416504377044332E+02
      -0.701586210000000E+02       0.416504380000000E+02
      -0.701910610000000E+02       0.416452590000000E+02
      -0.701910945797082E+02       0.416452487188719E+02
      -0.701941392387706E+02       0.416443165329969E+02
      -0.701942607847857E+02       0.416442793191493E+02
      -0.702201835896148E+02       0.416363425117736E+02
      -0.702354808313967E+02       0.416316589421444E+02
      -0.702458670000000E+02       0.416284790000000E+02
      -0.702562100000000E+02       0.416206980000000E+02
      -0.702554200000000E+02       0.416175410000000E+02
      -0.702596010000000E+02       0.416108630000000E+02
      -0.702654240000000E+02       0.416093330000000E+02
      -0.702675870000000E+02       0.416109120000000E+02
      -0.702696870000000E+02       0.416177750000000E+02
      -0.702691300000000E+02       0.416257420000000E+02
      -0.702707052257105E+02       0.416278410350019E+02
      -0.702745220000000E+02       0.416329270000000E+02
      -0.702813200000000E+02       0.416351250000000E+02
      -0.702906200000000E+02       0.416351960000000E+02
      -0.703052520395776E+02       0.416329809715338E+02
      -0.703215880000000E+02       0.416305080000000E+02
      -0.703219911879707E+02       0.416307048540116E+02
      -0.703222341021143E+02       0.416308234553269E+02
      -0.703299240000000E+02       0.416345780000000E+02
      -0.703328366657963E+02       0.416352075335628E+02
      -0.703340128680507E+02       0.416354617538707E+02
      -0.703380670000000E+02       0.416363380000000E+02
      -0.703516340000000E+02       0.416346870000000E+02
      -0.703603520000000E+02       0.416310690000000E+02
      -0.703648920000000E+02       0.416267210000000E+02
      -0.703647651640462E+02       0.416241071509520E+02
      -0.703647440000000E+02       0.416236710000000E+02
      -0.703698540000000E+02       0.416158880000000E+02
      -0.703791510000000E+02       0.416113610000000E+02
      -0.704005810000000E+02       0.416063820000000E+02
      -0.704011478072158E+02       0.416064506240066E+02
      -0.704012310702630E+02       0.416064607047603E+02
      -0.704062915416118E+02       0.416070733818924E+02
      -0.704085350000000E+02       0.416073450000000E+02
      -0.704112682928208E+02       0.416071530764053E+02
      -0.704124007650208E+02       0.416070735576162E+02
      -0.704327515635657E+02       0.416056445857982E+02
      -0.704372460000000E+02       0.416053290000000E+02
      -0.704452890000000E+02       0.415918150000000E+02
      -0.704478227780978E+02       0.415886463907645E+02
      -0.704507863392821E+02       0.415849403174716E+02
      -0.704584416060538E+02       0.415753670446528E+02
      -0.704595585515439E+02       0.415739702515405E+02
      -0.704612780000000E+02       0.415718200000000E+02
      -0.704626758336250E+02       0.415705770871800E+02
      -0.704634167651427E+02       0.415699182725217E+02
      -0.704700845242058E+02       0.415639894959693E+02
      -0.704707231209146E+02       0.415634216744331E+02
      -0.704762560000000E+02       0.415585020000000E+02
      -0.704850903805216E+02       0.415544636970198E+02
      -0.704855710000000E+02       0.415542440000000E+02
      -0.704859721054982E+02       0.415541289951654E+02
      -0.704932440000000E+02       0.415520440000000E+02
      -0.704999004709222E+02       0.415513392833625E+02
      -0.705223270000000E+02       0.415489650000000E+02
      -0.705277931817399E+02       0.415488720974411E+02
      -0.705316475311487E+02       0.415488065893882E+02
      -0.705471909595544E+02       0.415485424151727E+02
      -0.705596890000000E+02       0.415483300000000E+02
      -0.705603958408451E+02       0.415482565403768E+02
      -0.705703305498489E+02       0.415472240590414E+02
      -0.705742711787599E+02       0.415468145225569E+02
      -0.705811366352351E+02       0.415461010184505E+02
      -0.705887700423553E+02       0.415453077037823E+02
      -0.705890836522938E+02       0.415452751113422E+02
      -0.705939307014910E+02       0.415447713736055E+02
      -0.705965649158158E+02       0.415444976084532E+02
      -0.706066756382772E+02       0.415434468346233E+02
      -0.706110810000000E+02       0.415429890000000E+02
      -0.706151088150781E+02       0.415421423470481E+02
      -0.706161412057444E+02       0.415419253369351E+02
      -0.706184214459399E+02       0.415414460269233E+02
      -0.706226469744842E+02       0.415405578142954E+02
      -0.706336070000000E+02       0.415382540000000E+02
      -0.706422222642741E+02       0.415331837192191E+02
      -0.706429091555745E+02       0.415327794679219E+02
      -0.706436270000000E+02       0.415323570000000E+02
      -0.706450023793412E+02       0.415306068274910E+02
      -0.706467532697463E+02       0.415283788165259E+02
      -0.706538414857723E+02       0.415193590497932E+02
      -0.706541040000000E+02       0.415190250000000E+02
      -0.706589123134342E+02       0.415165626622959E+02
      -0.706638560000000E+02       0.415140310000000E+02
      -0.706695181559949E+02       0.415133391388839E+02
      -0.706753790000000E+02       0.415126230000000E+02
      -0.707051810000000E+02       0.414966770000000E+02
      -0.707343060000000E+02       0.414863350000000E+02
      -0.707571710000000E+02       0.414699170000000E+02
      -0.707564810000000E+02       0.414659770000000E+02
      -0.707608630000000E+02       0.414609470000000E+02
      -0.707902700000000E+02       0.414463390000000E+02
      -0.708174780000000E+02       0.414455620000000E+02
      -0.708353852886768E+02       0.414419735308731E+02
      -0.708358670000000E+02       0.414418770000000E+02
      -0.708495627332995E+02       0.414316910315103E+02
      -0.708575280000000E+02       0.414257670000000E+02
      -0.708669460000000E+02       0.414223780000000E+02
      -0.708902636506656E+02       0.414215206041844E+02
      -0.709027630000000E+02       0.414210610000000E+02
      -0.709281970000000E+02       0.414157810000000E+02
      -0.709372820000000E+02       0.414116180000000E+02
      -0.709484310000000E+02       0.414091930000000E+02
      -0.709510450000000E+02       0.414117770000000E+02
      -0.709498610000000E+02       0.414153230000000E+02
      -0.709281650000000E+02       0.414312650000000E+02
      -0.709236980000000E+02       0.414307160000000E+02
      -0.709189825881956E+02       0.414252996450504E+02
      -0.709116402370139E+02       0.414244838275498E+02
      -0.709060111022673E+02       0.414257075538007E+02
      -0.708832470000000E+02       0.414322390000000E+02
      -0.708552650000000E+02       0.414488920000000E+02
      -0.708285460000000E+02       0.414564480000000E+02
      -0.708021860000000E+02       0.414608640000000E+02
      -0.707877690000000E+02       0.414746090000000E+02
      -0.707752680000000E+02       0.414774650000000E+02
      -0.707539050000000E+02       0.414922560000000E+02
      -0.707450530000000E+02       0.415009660000000E+02
      -0.706947995486990E+02       0.415256401805072E+02
      -0.706866410814314E+02       0.415296459450629E+02
      -0.706818922992612E+02       0.415319775721536E+02
      -0.706670584745096E+02       0.415392609021550E+02
      -0.706654468556680E+02       0.415400521985372E+02
      -0.706614493806239E+02       0.415420149377771E+02
      -0.706606950759067E+02       0.415423852974294E+02
      -0.706589119459559E+02       0.415432608048649E+02
      -0.706586590000000E+02       0.415433850000000E+02
      -0.706570647775698E+02       0.415457783460905E+02
      -0.706543020000000E+02       0.415499260000000E+02
      -0.706553650000000E+02       0.415574980000000E+02
      -0.706538990000000E+02       0.415651600000000E+02
      -0.706487800000000E+02       0.415698700000000E+02
      -0.706427480000000E+02       0.415723850000000E+02
      -0.706421009058765E+02       0.415741609138722E+02
      -0.706412089801745E+02       0.415766087544099E+02
      -0.706409480000000E+02       0.415773250000000E+02
      -0.706420400000000E+02       0.415830660000000E+02
      -0.706422405409453E+02       0.415834926287532E+02
      -0.706423130963673E+02       0.415836469824150E+02
      -0.706467823275238E+02       0.415931547790072E+02
      -0.706487684103352E+02       0.415973799512405E+02
      -0.706524490000000E+02       0.416052100000000E+02
      -0.706522993206582E+02       0.416068180022593E+02
      -0.706519860000000E+02       0.416101840000000E+02
      -0.706464451279485E+02       0.416168572759281E+02
      -0.706418757466837E+02       0.416223605147176E+02
      -0.706406177665029E+02       0.416238755919077E+02
      -0.706400030000000E+02       0.416246160000000E+02
      -0.706445869777538E+02       0.416324169728123E+02
      -0.706452510000000E+02       0.416335470000000E+02
      -0.706458882843252E+02       0.416339176167976E+02
      -0.706526140000000E+02       0.416378290000000E+02
      -0.706507031029940E+02       0.416433771305782E+02
      -0.706504190000000E+02       0.416442020000000E+02
      -0.706454858067278E+02       0.416464006509505E+02
      -0.706399936158984E+02       0.416488484388074E+02
      -0.706386950310687E+02       0.416494271987734E+02
      -0.706376317515425E+02       0.416545734737241E+02
      -0.706389926510296E+02       0.416583159491075E+02
      -0.706390032159713E+02       0.416583450027111E+02
      -0.706443397860184E+02       0.416730205773744E+02
      -0.706463081137290E+02       0.416784334811726E+02
      -0.706492852993694E+02       0.416809428207885E+02
      -0.706614748579409E+02       0.416817563451039E+02
      -0.706459622068206E+02       0.416937941858324E+02
      -0.706254402386456E+02       0.416986914721517E+02
      -0.706249627683543E+02       0.417010165454343E+02
      -0.706246658847593E+02       0.417024622398101E+02
      -0.706236523408959E+02       0.417073977589416E+02
      -0.706265285244943E+02       0.417129946601747E+02
      -0.706304692158944E+02       0.417142969492188E+02
      -0.706429491673619E+02       0.417184212265135E+02
      -0.706446407129879E+02       0.417189802353555E+02
      -0.706510926950984E+02       0.417157153747965E+02
      -0.706565960000000E+02       0.417154010000000E+02
      -0.706704530000000E+02       0.417219120000000E+02
      -0.706799262950405E+02       0.417241829761709E+02
      -0.706818200191244E+02       0.417246369472813E+02
      -0.706889253996989E+02       0.417263402775271E+02
      -0.707081931440960E+02       0.417309592182658E+02
      -0.707165728411390E+02       0.417347580143683E+02
      -0.707187385969180E+02       0.417357398236832E+02
      -0.707235927160192E+02       0.417338161539997E+02
      -0.707245106653872E+02       0.417334523740154E+02
      -0.707263313221434E+02       0.417327308543879E+02
      -0.707284927444392E+02       0.417250065501911E+02
      -0.707289330191121E+02       0.417234331346164E+02
      -0.707213020000000E+02       0.417129680000000E+02
      -0.707174510000000E+02       0.416939800000000E+02
      -0.707195754902439E+02       0.416850019613916E+02
      -0.707293952971110E+02       0.416881400938536E+02
      -0.707432755108202E+02       0.416963077017855E+02
      -0.707443964776698E+02       0.416969673182672E+02
      -0.707522508779210E+02       0.416950731408138E+02
      -0.707553473804679E+02       0.416943263842033E+02
      -0.707555975859964E+02       0.416936117446263E+02
      -0.707557931408589E+02       0.416930531988372E+02
      -0.707561968026190E+02       0.416919002560093E+02
      -0.707572846623702E+02       0.416887930999150E+02
      -0.707614808120401E+02       0.416768080145163E+02
      -0.707614969948869E+02       0.416766409844003E+02
      -0.707623598934693E+02       0.416677346372932E+02
      -0.707581980000000E+02       0.416612250000000E+02
      -0.707576220000000E+02       0.416542650000000E+02
      -0.707654630000000E+02       0.416415750000000E+02
      -0.707693180000000E+02       0.416411450000000E+02
      -0.707736540000000E+02       0.416450330000000E+02
      -0.707757980000000E+02       0.416491450000000E+02
      -0.707767087951913E+02       0.416507558787609E+02
      -0.707767470901247E+02       0.416507625914264E+02
      -0.707781754036327E+02       0.416510129585130E+02
      -0.707885603391283E+02       0.416528333193999E+02
      -0.707885987787675E+02       0.416528400574308E+02
      -0.707886015308665E+02       0.416528405398424E+02
      -0.707886047096000E+02       0.416528410970382E+02
      -0.708022930324457E+02       0.416552405040953E+02
      -0.708091183088371E+02       0.416564368972930E+02
      -0.708126190628834E+02       0.416557930807616E+02
      -0.708132856428791E+02       0.416556704913952E+02
      -0.708157285631869E+02       0.416527964669577E+02
      -0.708163512673987E+02       0.416459946134540E+02
      -0.708046635714231E+02       0.416411566730911E+02
      -0.708022637759400E+02       0.416360838328325E+02
      -0.708002150000000E+02       0.416317530000000E+02
      -0.708010630000000E+02       0.416295130000000E+02
      -0.708018178036959E+02       0.416291329773059E+02
      -0.708102790000000E+02       0.416248730000000E+02
      -0.708352959881423E+02       0.416245321404412E+02
      -0.708434602561117E+02       0.416286291170641E+02
      -0.708441647765300E+02       0.416289826580913E+02
      -0.708525175599458E+02       0.416269186507028E+02
      -0.708549372237938E+02       0.416243809542627E+02
      -0.708550301991328E+02       0.416242834435334E+02
      -0.708551620711309E+02       0.416241451387434E+02
      -0.708545125257603E+02       0.416201529342800E+02
      -0.708535529531632E+02       0.416142552554142E+02
      -0.708501806891396E+02       0.415935288087418E+02
      -0.708502818995334E+02       0.415933151422967E+02
      -0.708506048859827E+02       0.415926332818295E+02
      -0.708531211415763E+02       0.415873211852426E+02
      -0.708572390000000E+02       0.415877050000000E+02
      -0.708592064407644E+02       0.415922519554708E+02
      -0.708600188369286E+02       0.415941294855344E+02
      -0.708617585511737E+02       0.415981501418853E+02
      -0.708687944446213E+02       0.416144108063904E+02
      -0.708689040000000E+02       0.416146640000000E+02
      -0.708688419499237E+02       0.416155765011218E+02
      -0.708686015465163E+02       0.416191118453484E+02
      -0.708683600000000E+02       0.416226640000000E+02
      -0.708696240000000E+02       0.416256080000000E+02
      -0.708699623052175E+02       0.416258536356200E+02
      -0.708726650000000E+02       0.416278160000000E+02
      -0.708780660657698E+02       0.416294770627803E+02
      -0.708824466794753E+02       0.416308242921404E+02
      -0.708892090000000E+02       0.416329040000000E+02
      -0.708954925526032E+02       0.416293323434186E+02
      -0.709048853083958E+02       0.416239933735457E+02
      -0.709057646980229E+02       0.416234935165464E+02
      -0.709057648286709E+02       0.416234934422843E+02
      -0.709132024663077E+02       0.416192657881063E+02
      -0.709118103875036E+02       0.416178377448780E+02
      -0.709098348476649E+02       0.416158111668706E+02
      -0.709072509339017E+02       0.416131604975687E+02
      -0.709053924325425E+02       0.416112539817357E+02
      -0.709045222475448E+02       0.416103613154659E+02
      -0.709035482346302E+02       0.416067457356484E+02
      -0.708999810000000E+02       0.415935040000000E+02
      -0.709013810000000E+02       0.415925040000000E+02
      -0.709108141814884E+02       0.415955058947085E+02
      -0.709122183756906E+02       0.415984222990780E+02
      -0.709165808743311E+02       0.416074828763666E+02
      -0.709170543394356E+02       0.416079337954444E+02
      -0.709185269359289E+02       0.416093362680794E+02
      -0.709200741621255E+02       0.416108098166115E+02
      -0.709234913061427E+02       0.416110233874659E+02
      -0.709250312428466E+02       0.416111196332184E+02
      -0.709261488940516E+02       0.416111894862072E+02
      -0.709271716332153E+02       0.416112534072114E+02
      -0.709297222856122E+02       0.416094790383644E+02
      -0.709297511806359E+02       0.416085370615529E+02
      -0.709299902170019E+02       0.416007444839888E+02
      -0.709299995308117E+02       0.416004408541018E+02
      -0.709277615998765E+02       0.415949650657613E+02
      -0.709273934285153E+02       0.415940642209605E+02
      -0.709275763724828E+02       0.415936067315408E+02
      -0.709278159653446E+02       0.415930075797855E+02
      -0.709279504353240E+02       0.415926713096496E+02
      -0.709313380000000E+02       0.415842000000000E+02
      -0.709379780000000E+02       0.415774160000000E+02
      -0.709380051952373E+02       0.415774432505413E+02
      -0.709415883685457E+02       0.415810337105531E+02
      -0.709457555533402E+02       0.415810771160642E+02
      -0.709469114729376E+02       0.415810891561545E+02
      -0.709484856195354E+02       0.415793761154825E+02
      -0.709487967372855E+02       0.415790375464061E+02
      -0.709475979699195E+02       0.415747308600141E+02
      -0.709472996157870E+02       0.415736589942638E+02
      -0.709470557497000E+02       0.415734421585336E+02
      -0.709378300000000E+02       0.415652390000000E+02
      -0.709315450000000E+02       0.415401690000000E+02
      -0.709417850000000E+02       0.415401210000000E+02
      -0.709783890252363E+02       0.415306436002613E+02
      -0.709792252545114E+02       0.415304270863926E+02
      -0.709833540000000E+02       0.415206160000000E+02
      -0.710032750000000E+02       0.415119120000000E+02
      -0.710193540000000E+02       0.415088570000000E+02
      -0.710236181204700E+02       0.415062684466701E+02
      -0.710355140000000E+02       0.414990470000000E+02
      -0.710584180000000E+02       0.415059670000000E+02
      -0.710686982617244E+02       0.415072216107628E+02
      -0.710856630000000E+02       0.415092920000000E+02
      -0.711205699635789E+02       0.414974480123577E+02
      -0.711205700000000E+02       0.414974480000000E+02
      -0.711205700000000E+02       0.414974480000000E+02
      -0.711224000000000E+02       0.415221560000000E+02
      -0.711266695103765E+02       0.415557640219856E+02
      -0.711313120000000E+02       0.415923080000000E+02
      -0.711316180000000E+02       0.415939180000000E+02
      -0.711374920000000E+02       0.416025610000000E+02
      -0.711380803191937E+02       0.416030438549972E+02
      -0.711387341390134E+02       0.416035804687445E+02
      -0.711405880000000E+02       0.416051020000000E+02
      -0.711409100000000E+02       0.416074050000000E+02
      -0.711415090000000E+02       0.416160760000000E+02
      -0.711404680000000E+02       0.416238930000000E+02
      -0.711356880000000E+02       0.416284020000000E+02
      -0.711344840000000E+02       0.416411980000000E+02
      -0.711344840000000E+02       0.416411980000000E+02
      -0.711344780000000E+02       0.416412620000000E+02
      -0.711344780000000E+02       0.416412620000000E+02
      -0.711326700000000E+02       0.416587440000000E+02
      -0.711328880000000E+02       0.416601020000000E+02
      -0.711346880000000E+02       0.416605020000000E+02
      -0.711346880000000E+02       0.416605020000000E+02
      -0.711351880000000E+02       0.416605020000000E+02
      -0.711351880000000E+02       0.416605020000000E+02
      -0.711458700000000E+02       0.416627950000000E+02
      -0.711458700000000E+02       0.416627950000000E+02
      -0.711539890000000E+02       0.416641020000000E+02
      -0.711539890000000E+02       0.416641020000000E+02
      -0.711622960423050E+02       0.416656054690385E+02
      -0.711760900000000E+02       0.416681020000000E+02
      -0.711760900000000E+02       0.416681020000000E+02
      -0.711760900000000E+02       0.416685020000000E+02
      -0.711760900000000E+02       0.416685020000000E+02
      -0.711759900000000E+02       0.416714020000000E+02
      -0.711759900000000E+02       0.416714020000000E+02
      -0.711812900000000E+02       0.416725020000000E+02
      -0.711812900000000E+02       0.416725020000000E+02
      -0.711845113068727E+02       0.416730853221348E+02
      -0.711911750000000E+02       0.416742920000000E+02
      -0.711911750000000E+02       0.416742920000000E+02
      -0.711911780000000E+02       0.416742160000000E+02
      -0.711911780000000E+02       0.416742160000000E+02
      -0.711943900000000E+02       0.416748020000000E+02
      -0.711943900000000E+02       0.416748020000000E+02
      -0.711956900000000E+02       0.416751020000000E+02
      -0.711956900000000E+02       0.416751020000000E+02
      -0.712012693164523E+02       0.416819198446294E+02
      -0.712080166207938E+02       0.416901649536962E+02
      -0.712082917416898E+02       0.416905011474825E+02
      -0.712083710000000E+02       0.416905980000000E+02
      -0.712083710000000E+02       0.416905980000000E+02
      -0.712224709891833E+02       0.417076790603752E+02
      -0.712257910000000E+02       0.417117010000000E+02
      -0.712455934756962E+02       0.417342840879264E+02
      -0.712482932397838E+02       0.417373629458786E+02
      -0.712520523941655E+02       0.417416499509598E+02
      -0.712613920000000E+02       0.417523010000000E+02
      -0.713177950000000E+02       0.417761010000000E+02
      -0.713177950000000E+02       0.417761010000000E+02
      -0.713278960000000E+02       0.417805010000000E+02
      -0.713278960000000E+02       0.417805010000000E+02
      -0.713293960000000E+02       0.417826000000000E+02
      -0.713292960000000E+02       0.417868000000000E+02
      -0.713299663517586E+02       0.417880713567836E+02
      -0.713304363389830E+02       0.417889627118644E+02
      -0.713321960000000E+02       0.417923000000000E+02
      -0.713338960000000E+02       0.417945000000000E+02
      -0.713357970000000E+02       0.417948000000000E+02
      -0.713392970000000E+02       0.417963000000000E+02
      -0.713406970000000E+02       0.417983000000000E+02
      -0.713407970000000E+02       0.418002000000000E+02
      -0.713392970000000E+02       0.418044000000000E+02
      -0.713392970000000E+02       0.418065000000000E+02
      -0.713392970000000E+02       0.418065000000000E+02
      -0.713388970000000E+02       0.418083000000000E+02
      -0.713391970000000E+02       0.418090000000000E+02
      -0.713471970000000E+02       0.418231000000000E+02
      -0.713448970000000E+02       0.418280000000000E+02
      -0.713433248863242E+02       0.418291865008874E+02
      -0.713395970000000E+02       0.418320000000000E+02
      -0.713395970000000E+02       0.418320000000000E+02
      -0.713375970000000E+02       0.418337000000000E+02
      -0.713375970000000E+02       0.418337000000000E+02
      -0.713351970000000E+02       0.418355000000000E+02
      -0.713417970000000E+02       0.418437000000000E+02
      -0.713421980000000E+02       0.418448000000000E+02
      -0.713420717804997E+02       0.418450693380386E+02
      -0.713420105485714E+02       0.418452000000000E+02
      -0.713339970000000E+02       0.418623000000000E+02
      -0.713361410181288E+02       0.418683843331694E+02
      -0.713377150444244E+02       0.418728511332731E+02
      -0.713378029779809E+02       0.418731006726997E+02
      -0.713407980000000E+02       0.418816000000000E+02
      -0.713397312321428E+02       0.418899911959647E+02
      -0.713392980000000E+02       0.418933990000000E+02
      -0.713392980000000E+02       0.418933990000000E+02
      -0.713392980000000E+02       0.418935990000000E+02
      -0.713392980000000E+02       0.418935990000000E+02
      -0.713392308125000E+02       0.418941364999997E+02
      -0.713386980000000E+02       0.418983990000000E+02
      -0.713396707017840E+02       0.418982808946480E+02
      -0.713526990000000E+02       0.418966990000000E+02
      -0.713526990000000E+02       0.418966990000000E+02
      -0.713546990000000E+02       0.418964990000000E+02
      -0.713546990000000E+02       0.418964990000000E+02
      -0.713624990000000E+02       0.418955990000000E+02
      -0.713624990000000E+02       0.418955990000000E+02
      -0.713646990000000E+02       0.418953990000000E+02
      -0.713646990000000E+02       0.418953990000000E+02
      -0.713653990000000E+02       0.418952990000000E+02
      -0.713653990000000E+02       0.418952990000000E+02
      -0.713709990000000E+02       0.418945990000000E+02
      -0.713709990000000E+02       0.418945990000000E+02
      -0.713737990000000E+02       0.418943990000000E+02
      -0.713737990000000E+02       0.418943990000000E+02
      -0.713766000000000E+02       0.418939990000000E+02
      -0.713766000000000E+02       0.418939990000000E+02
      -0.713817000000000E+02       0.418931990000000E+02
      -0.713817000000000E+02       0.419032990000000E+02
      -0.713817000000000E+02       0.419162425294110E+02
      -0.713817000000000E+02       0.419226990000000E+02
      -0.713817000000000E+02       0.419226990000000E+02
      -0.713816000000000E+02       0.419228990000000E+02
      -0.713816000000000E+02       0.419228990000000E+02
      -0.713814589686289E+02       0.419525935449622E+02
      -0.713814010000000E+02       0.419647990000000E+02
      -0.713814010000000E+02       0.419647990000000E+02
      -0.713815010000000E+02       0.419666990000000E+02
      -0.713815010000000E+02       0.419666990000000E+02
      -0.713814658811392E+02       0.419849955752768E+02
      -0.713814010000000E+02       0.420187980000000E+02
      -0.714581098617522E+02       0.420177623034935E+02
      -0.714834512342171E+02       0.420174201530518E+02
      -0.714944361160053E+02       0.420172718389792E+02
      -0.714980050000000E+02       0.420172236531425E+02
      -0.714999050000000E+02       0.420171980000000E+02
      -0.714999050000000E+02       0.420171980000000E+02
      -0.715009050000000E+02       0.420170980000000E+02
      -0.715009050000000E+02       0.420170980000000E+02
      -0.715020006123330E+02       0.420170150022095E+02
      -0.715273060000000E+02       0.420150980000000E+02
      -0.715273060000000E+02       0.420150980000000E+02
      -0.715276060000000E+02       0.420149980000000E+02
      -0.715276060000000E+02       0.420149980000000E+02
      -0.715361981127031E+02       0.420148209376454E+02
      -0.715594390000000E+02       0.420143420000000E+02
      -0.715594390000000E+02       0.420143420000000E+02
      -0.715626069979379E+02       0.420142977506728E+02
      -0.715769080000000E+02       0.420140980000000E+02
      -0.715769080000000E+02       0.420140980000000E+02
      -0.715907825296569E+02       0.420137786177217E+02
      -0.716809781523089E+02       0.420117023755592E+02
      -0.717660100000000E+02       0.420097450000000E+02
      -0.717992420000000E+02       0.420080650000000E+02
      -0.717992420000000E+02       0.420080650000000E+02
      -0.718006500000000E+02       0.420235690000000E+02
      -0.718047024491853E+02       0.420236049248519E+02
      -0.718390183815618E+02       0.420239091346596E+02
      -0.718414031835124E+02       0.420239302758640E+02
      -0.718455556738462E+02       0.420239670875780E+02
      -0.718593214702123E+02       0.420240891209886E+02
      -0.718620151063824E+02       0.420241130000000E+02
      -0.718659998794598E+02       0.420241483249050E+02
      -0.718722959768760E+02       0.420242041396375E+02
      -0.718770530165132E+02       0.420242463106645E+02
      -0.718833003239962E+02       0.420243016928755E+02
      -0.718907800000000E+02       0.420243680000000E+02
      -0.719014775557019E+02       0.420246463363363E+02
      -0.719028568798361E+02       0.420246822245370E+02
      -0.719208087447612E+02       0.420251493084627E+02
      -0.719521674887428E+02       0.420259652217567E+02
      -0.719873260000000E+02       0.420268800000000E+02
      -0.719924335116425E+02       0.420269113142699E+02
      -0.719930980246078E+02       0.420269153884140E+02
      -0.719961052368324E+02       0.420269338257004E+02
      -0.720101276938025E+02       0.420270197977026E+02
      -0.720261360222470E+02       0.420271179451279E+02
      -0.720348348414812E+02       0.420271712777862E+02
      -0.720634960000000E+02       0.420273470000000E+02
      -0.720674727834993E+02       0.420275066420410E+02
      -0.720997434702070E+02       0.420288021006172E+02
      -0.721356870000000E+02       0.420302450000000E+02
      -0.721430651287577E+02       0.420303345076761E+02
      -0.721502885821938E+02       0.420304221389104E+02
      -0.721987657859443E+02       0.420310102394971E+02
      -0.722039036169074E+02       0.420310725690287E+02
      -0.722495230000000E+02       0.420316260000000E+02
      -0.722705985245939E+02       0.420317135744534E+02
      -0.722882734136273E+02       0.420317870183546E+02
      -0.723171480000000E+02       0.420319070000000E+02
      -0.723210365346409E+02       0.420319653007086E+02
      -0.723670606346860E+02       0.420326553389600E+02
      -0.724076989789224E+02       0.420332646287010E+02
      -0.724414125361812E+02       0.420337700952734E+02
      -0.724500320922312E+02       0.420338993280749E+02
      -0.724566800000000E+02       0.420339990000000E+02
      -0.724581706498625E+02       0.420340051753140E+02
      -0.724601033154488E+02       0.420340131817661E+02
      -0.724694553038078E+02       0.420340519242408E+02
      -0.725119827088214E+02       0.420342281024872E+02
      -0.725219323170384E+02       0.420342693207211E+02
      -0.725281310000000E+02       0.420342950000000E+02
      -0.725311395809599E+02       0.420340178903480E+02
      -0.725315703213145E+02       0.420339782163916E+02
      -0.725529794030645E+02       0.420320063022987E+02
      -0.725615183316509E+02       0.420312198120692E+02
      -0.725732310000000E+02       0.420301410000000E+02
      -0.725823320000000E+02       0.420246950000000E+02
      -0.725902330000000E+02       0.420246950000000E+02
      -0.726069330000000E+02       0.420249950000000E+02
      -0.726079330000000E+02       0.420307950000000E+02
      -0.726169360389008E+02       0.420312042174154E+02
      -0.726431340000000E+02       0.420323950000000E+02
      -0.726863541537431E+02       0.420359914263329E+02
      -0.726921368165450E+02       0.420364726120524E+02
      -0.726959270000000E+02       0.420367880000000E+02
      -0.726984432988548E+02       0.420367630936352E+02
      -0.726991242828091E+02       0.420367563532456E+02
      -0.727142709784551E+02       0.420366064310190E+02
      -0.727189697557809E+02       0.420365599224487E+02
      -0.727558380000000E+02       0.420361950000000E+02
      -0.727558380000000E+02       0.420361950000000E+02
      -0.727575380000000E+02       0.420332950000000E+02
      -0.727535380000000E+02       0.420320950000000E+02
      -0.727517380000000E+02       0.420301950000000E+02
      -0.727540380000000E+02       0.420253950000000E+02
      -0.727574670000000E+02       0.420209470000000E+02
      -0.727574670000000E+02       0.420209470000000E+02
      -0.727581510000000E+02       0.420208650000000E+02
      -0.727581510000000E+02       0.420208650000000E+02
      -0.727605579290145E+02       0.420218455566961E+02
      -0.727621505443802E+02       0.420215270348574E+02
      -0.727623098022132E+02       0.420197751616587E+02
      -0.727618693842570E+02       0.420190411288867E+02
      -0.727613542366973E+02       0.420181825462930E+02
      -0.727597380000000E+02       0.420169950000000E+02
      -0.727612380000000E+02       0.420145950000000E+02
      -0.727632380000000E+02       0.420127950000000E+02
      -0.727632653739016E+02       0.420097416928790E+02
      -0.727661390000000E+02       0.420076950000000E+02
      -0.727661390000000E+02       0.420076950000000E+02
      -0.727667390000000E+02       0.420029950000000E+02
      -0.727702539596630E+02       0.420026153995404E+02
      -0.728167410000000E+02       0.419975950000000E+02
      -0.728135410000000E+02       0.420364940000000E+02
      -0.728348895032167E+02       0.420367481412841E+02
      -0.728364768970262E+02       0.420367670382670E+02
      -0.728471420000000E+02       0.420368940000000E+02
      -0.728636190000000E+02       0.420377090000000E+02
      -0.728636190000000E+02       0.420377090000000E+02
      -0.728637330000000E+02       0.420377100000000E+02
      -0.728637330000000E+02       0.420377100000000E+02
      -0.729789997859415E+02       0.420385103223416E+02
      -0.729846858375725E+02       0.420385498018336E+02
      -0.729995490000000E+02       0.420386530000000E+02
      -0.730081512712175E+02       0.420388464930385E+02
      -0.730532540000000E+02       0.420398610000000E+02
      -0.731722050507682E+02       0.420432406587290E+02
      -0.732297980000000E+02       0.420448770000000E+02
      -0.732297980000000E+02       0.420448770000000E+02
      -0.732310560000000E+02       0.420449450000000E+02
      -0.732310560000000E+02       0.420449450000000E+02
      -0.732338106830922E+02       0.420450335800159E+02
      -0.732930970000000E+02       0.420469400000000E+02
      -0.732930970000000E+02       0.420469400000000E+02
      -0.732944200000000E+02       0.420469840000000E+02
      -0.732944200000000E+02       0.420469840000000E+02
      -0.732962641826118E+02       0.420470320128183E+02
      -0.733278437752112E+02       0.420478541793607E+02
      -0.733732904637224E+02       0.420490373721660E+02
      -0.734328120000000E+02       0.420505870000000E+02
      -0.734362457968955E+02       0.420505272100243E+02
      -0.734367546139145E+02       0.420505183503981E+02
      -0.734873140000000E+02       0.420496380000000E+02
      -0.734873140000000E+02       0.420496380000000E+02
      -0.734968790000000E+02       0.420496750000000E+02
      -0.734968790000000E+02       0.420496750000000E+02
      -0.735081420000000E+02       0.420862570000000E+02
      -0.734829898491535E+02       0.421547471722870E+02
      -0.734599450116574E+02       0.422174990578046E+02
      -0.734310854554117E+02       0.422960846225722E+02
      -0.734106871170043E+02       0.423516300000000E+02
      -0.734006589545656E+02       0.423789370314082E+02
      -0.733906369213981E+02       0.424062273726001E+02
      -0.733835592751929E+02       0.424255000467716E+02
      -0.733525270000000E+02       0.425100020000000E+02
      -0.733525270000000E+02       0.425100020000000E+02
      -0.733069059451113E+02       0.426329178438773E+02
      -0.732804336501113E+02       0.427042415887408E+02
      -0.732732131539434E+02       0.427236956189438E+02
      -0.732649570000000E+02       0.427459400000000E+02
      -0.732649570000000E+02       0.427459400000000E+02
      -0.732452406159152E+02       0.427455484482872E+02
      -0.732144015094376E+02       0.427449360081505E+02
      -0.732126788759894E+02       0.427449017980198E+02
      -0.731635701296494E+02       0.427439265373604E+02
      -0.731239470250884E+02       0.427431396540053E+02
      -0.731239470250884E+02       0.427431396540053E+02
      -0.731239470250845E+02       0.427431396540052E+02
      -0.731239470250845E+02       0.427431396540052E+02
      -0.730899221224245E+02       0.427424639464892E+02
      -0.730725255340146E+02       0.427421184640742E+02
      -0.730712874784432E+02       0.427420938772748E+02
      -0.730614432179170E+02       0.427418983780872E+02
      -0.730479896660259E+02       0.427416312012426E+02
      -0.730229030000000E+02       0.427411330000000E+02
      -0.729268648479406E+02       0.427390881631593E+02
      -0.728641985241066E+02       0.427377538766815E+02
      -0.728407717384712E+02       0.427372550753895E+02
      -0.728091130000000E+02       0.427365810000000E+02
      -0.727910264386214E+02       0.427360791486589E+02
      -0.727817795491476E+02       0.427358225734157E+02
      -0.727794244965470E+02       0.427357572273125E+02
      -0.726745698119928E+02       0.427328478039586E+02
      -0.725986081927956E+02       0.427307400821164E+02
      -0.725699030501175E+02       0.427299435949319E+02
      -0.725167484031041E+02       0.427284687025887E+02
      -0.724585190000000E+02       0.427268530000000E+02
      -0.724585190000000E+02       0.427268530000000E+02
      -0.724292597871854E+02       0.427259675851748E+02
      -0.724161364476194E+02       0.427255704589950E+02
      -0.724120194166402E+02       0.427254458732692E+02
      -0.723379321310285E+02       0.427232039133963E+02
      -0.723379321310226E+02       0.427232039133961E+02
      -0.722859540000000E+02       0.427216310000000E+02
      -0.722845503413801E+02       0.427215962624316E+02
      -0.722829829853297E+02       0.427215574736997E+02
      -0.721245260000000E+02       0.427176360000000E+02
      -0.721110674191948E+02       0.427172277025946E+02
      -0.720781299500273E+02       0.427162284677274E+02
      -0.720770249135866E+02       0.427161949438724E+02
      -0.719814020000000E+02       0.427132940000000E+02
      -0.719559649642791E+02       0.427127813028110E+02
      -0.719288110000000E+02       0.427122340000000E+02
      -0.719288110000000E+02       0.427122340000000E+02
      -0.718987165219854E+02       0.427114204357152E+02
      -0.718967263979008E+02       0.427113666353510E+02
      -0.718237424256092E+02       0.427093936104926E+02
      -0.717826761118175E+02       0.427082834371846E+02
      -0.717725169648646E+02       0.427080087981255E+02
      -0.717683382923413E+02       0.427078958332580E+02
      -0.717458170000000E+02       0.427072870000000E+02
      -0.717267564000235E+02       0.427068697999294E+02
      -0.716694566384606E+02       0.427056156177629E+02
      -0.716516177488736E+02       0.427052251585955E+02
      -0.716362140000000E+02       0.427048880000000E+02
      -0.716362140000000E+02       0.427048880000000E+02
      -0.716318140000000E+02       0.427047880000000E+02
      -0.716318140000000E+02       0.427047880000000E+02
      -0.716202095877694E+02       0.427045129993901E+02
      -0.715529161066492E+02       0.427029182828303E+02
      -0.715466384198356E+02       0.427027695146145E+02
      -0.715424212973244E+02       0.427026695775182E+02
      -0.714878969849035E+02       0.427013774638917E+02
      -0.714856423639921E+02       0.427013240340313E+02
      -0.714578267447504E+02       0.427006648612870E+02
      -0.714323494709621E+02       0.427000611025018E+02
      -0.714203846023771E+02       0.426997775598206E+02
      -0.713689315345649E+02       0.426985582283500E+02
      -0.713673378409727E+02       0.426985204611024E+02
      -0.713651709193535E+02       0.426984691095342E+02
      -0.713518740000000E+02       0.426981540000000E+02
      -0.713446520004995E+02       0.426978326963486E+02
      -0.713302060000000E+02       0.426971900000000E+02
      -0.713166394871291E+02       0.426971146325776E+02
      -0.713130675206705E+02       0.426970947888707E+02
      -0.712942050000000E+02       0.426969900000000E+02
      -0.712886374058128E+02       0.427021902116957E+02
      -0.712789290000000E+02       0.427112580000000E+02
      -0.712753638299618E+02       0.427159899999998E+02
      -0.712679050000000E+02       0.427258900000000E+02
      -0.712559515567139E+02       0.427360931870782E+02
      -0.712559071876793E+02       0.427361310594760E+02
      -0.712556050000000E+02       0.427363890000000E+02
      -0.712455040000000E+02       0.427425890000000E+02
      -0.712455040000000E+02       0.427425890000000E+02
      -0.712334040000000E+02       0.427454890000000E+02
      -0.712239040000000E+02       0.427466890000000E+02
      -0.712162628474299E+02       0.427450360779436E+02
      -0.712083020000000E+02       0.427433140000000E+02
      -0.712083020000000E+02       0.427433140000000E+02
      -0.712082270000000E+02       0.427432940000000E+02
      -0.712082270000000E+02       0.427432940000000E+02
      -0.712081370000000E+02       0.427432730000000E+02
      -0.712081370000000E+02       0.427432730000000E+02
      -0.712002469482307E+02       0.427415702900355E+02
      -0.711946187978473E+02       0.427403557089377E+02
      -0.711937988598678E+02       0.427401787624982E+02
      -0.711818030000000E+02       0.427375900000000E+02
      -0.711829098305077E+02       0.427512546345332E+02
      -0.711830665607180E+02       0.427531895839490E+02
      -0.711861040000000E+02       0.427906890000000E+02
      -0.711823068256745E+02       0.427942262361463E+02
      -0.711786143375204E+02       0.427976659524851E+02
      -0.711744030000000E+02       0.428015890000000E+02
      -0.711677030000000E+02       0.428073890000000E+02
      -0.711656030000000E+02       0.428086890000000E+02
      -0.711497030000000E+02       0.428154890000000E+02
      -0.711478866682343E+02       0.428161120440359E+02
      -0.711476951742533E+02       0.428161777309247E+02
      -0.711325030000000E+02       0.428213890000000E+02
      -0.711158936587395E+02       0.428177170569671E+02
      -0.711017893701858E+02       0.428145989234255E+02
      -0.710778844842524E+02       0.428093141033968E+02
      -0.710650757748796E+02       0.428064823925900E+02
      -0.710642010000000E+02       0.428062890000000E+02
      -0.710536010000000E+02       0.428330890000000E+02
      -0.710475010000000E+02       0.428440890000000E+02
      -0.710444010000000E+02       0.428487890000000E+02
      -0.710312010000000E+02       0.428590890000000E+02
      -0.710041845258606E+02       0.428632228324598E+02
      -0.709973709682907E+02       0.428642653854333E+02
      -0.709893004983197E+02       0.428655002605158E+02
      -0.709745955901273E+02       0.428677502812436E+02
      -0.709665000000000E+02       0.428689890000000E+02
      -0.709626212980000E+02       0.428705807452286E+02
      -0.709556525189257E+02       0.428734405990768E+02
      -0.709553000000000E+02       0.428735852661118E+02
      -0.709491990000000E+02       0.428760890000000E+02
      -0.709316990000000E+02       0.428841890000000E+02
      -0.709316990000000E+02       0.428841890000000E+02
      -0.709307990000000E+02       0.428845890000000E+02
      -0.709307990000000E+02       0.428845890000000E+02
      -0.709276290000000E+02       0.428853260000000E+02
      -0.709148990000000E+02       0.428865890000000E+02
END
         2      -0.708306552996517E+02       0.415961331811037E+02
      -0.708311863379644E+02       0.416056845249963E+02
      -0.708237350000000E+02       0.415985690000000E+02
      -0.708209180000000E+02       0.415876730000000E+02
      -0.708217119482229E+02       0.415838057038175E+02
      -0.708218900453309E+02       0.415829381985494E+02
      -0.708219100000000E+02       0.415828410000000E+02
      -0.708224391772722E+02       0.415830056358054E+02
      -0.708297800774747E+02       0.415852895113239E+02
      -0.708300870000000E+02       0.415853850000000E+02
      -0.708302137547607E+02       0.415855528153904E+02
      -0.708376070000000E+02       0.415953410105602E+02
      -0.708384465502889E+02       0.415964525227334E+02
      -0.708384521310828E+02       0.415964599113560E+02
      -0.708330021799252E+02       0.416050028095844E+02
      -0.708320444915020E+02       0.416065040037231E+02
      -0.708311863379644E+02       0.416056845249963E+02
END
         3      -0.706424391544293E+02       0.413963081781324E+02
      -0.706339924608253E+02       0.414682102170409E+02
      -0.706035550000000E+02       0.414823840000000E+02
      -0.705984440000000E+02       0.414811510000000E+02
      -0.705962800000000E+02       0.414719050000000E+02
      -0.705860454040029E+02       0.414701637336908E+02
      -0.705748500000000E+02       0.414682590000000E+02
      -0.705678264841697E+02       0.414710228575105E+02
      -0.705673560000000E+02       0.414712080000000E+02
      -0.705672222220808E+02       0.414711396997424E+02
      -0.705632800000000E+02       0.414691270000000E+02
      -0.705577373799609E+02       0.414601661631238E+02
      -0.705549673307848E+02       0.414556877831103E+02
      -0.705532770000000E+02       0.414529550000000E+02
      -0.705532445462032E+02       0.414520259857742E+02
      -0.705532445213873E+02       0.414520252754014E+02
      -0.705529430000000E+02       0.414433940000000E+02
      -0.705555880000000E+02       0.414308820000000E+02
      -0.705530960000000E+02       0.414239520000000E+02
      -0.705480737487039E+02       0.414165753129362E+02
      -0.705475670000000E+02       0.414158310000000E+02
      -0.705383010000000E+02       0.414092410000000E+02
      -0.705285810000000E+02       0.414051000000000E+02
      -0.705175840000000E+02       0.414037690000000E+02
      -0.705174537247463E+02       0.414037256527529E+02
      -0.705174321799670E+02       0.414037184840324E+02
      -0.705069840000000E+02       0.414002420000000E+02
      -0.705068579946744E+02       0.414000169553628E+02
      -0.705023720000000E+02       0.413920050000000E+02
      -0.705019421872686E+02       0.413893382256982E+02
      -0.705013060000000E+02       0.413853910000000E+02
      -0.704989590000000E+02       0.413843390000000E+02
      -0.704985382845155E+02       0.413843028331403E+02
      -0.704925165239531E+02       0.413837851717336E+02
      -0.704907580000000E+02       0.413836340000000E+02
      -0.704901720556889E+02       0.413838828038514E+02
      -0.704845030000000E+02       0.413862900000000E+02
      -0.704807361703421E+02       0.413903540859860E+02
      -0.704726040000000E+02       0.413991280000000E+02
      -0.704730012254875E+02       0.414080024413438E+02
      -0.704730350000000E+02       0.414087570000000E+02
      -0.704727124501708E+02       0.414093481260331E+02
      -0.704707880000000E+02       0.414128750000000E+02
      -0.704638330000000E+02       0.414191450000000E+02
      -0.704504310000000E+02       0.414207030000000E+02
      -0.704462330000000E+02       0.413964800000000E+02
      -0.704492680000000E+02       0.413804220000000E+02
      -0.704482620000000E+02       0.413536510000000E+02
      -0.704509377145622E+02       0.413484455878999E+02
      -0.704510840000000E+02       0.413481610000000E+02
      -0.704515154035315E+02       0.413481446446019E+02
      -0.704696400610441E+02       0.413474575014347E+02
      -0.704961620000000E+02       0.413464520000000E+02
      -0.705117995700755E+02       0.413473821184518E+02
      -0.705198331550250E+02       0.413478599539185E+02
      -0.705287085462728E+02       0.413483878597968E+02
      -0.705327618000328E+02       0.413486289462376E+02
      -0.705382940000000E+02       0.413489580000000E+02
      -0.705564015590110E+02       0.413490514192125E+02
      -0.705835781460180E+02       0.413491916267001E+02
      -0.705991570000000E+02       0.413492720000000E+02
      -0.706035925367366E+02       0.413489694413176E+02
      -0.706066801221734E+02       0.413487588296516E+02
      -0.706511718455523E+02       0.413457239416542E+02
      -0.707088538206101E+02       0.413417893147061E+02
      -0.707098260000000E+02       0.413417230000000E+02
      -0.707108674209771E+02       0.413414786370380E+02
      -0.707317936797954E+02       0.413365684204194E+02
      -0.707332530000000E+02       0.413362260000000E+02
      -0.707345626183759E+02       0.413356509338123E+02
      -0.707475410000000E+02       0.413299520000000E+02
      -0.707582574438933E+02       0.413227124296255E+02
      -0.707641880000000E+02       0.413187060000000E+02
      -0.707680150000000E+02       0.413119590000000E+02
      -0.707661660000000E+02       0.413089620000000E+02
      -0.707686870000000E+02       0.413037020000000E+02
      -0.707756650000000E+02       0.413009820000000E+02
      -0.707845427823099E+02       0.413054262679631E+02
      -0.707883333605933E+02       0.413073238528597E+02
      -0.707998766891942E+02       0.413131025083501E+02
      -0.708017203296985E+02       0.413140254451988E+02
      -0.708020830000000E+02       0.413142070000000E+02
      -0.708194150000000E+02       0.413272120000000E+02
      -0.708326496856863E+02       0.413408807330684E+02
      -0.708385302977754E+02       0.413469542068802E+02
      -0.708387770000000E+02       0.413472090000000E+02
      -0.708385085707933E+02       0.413475422838613E+02
      -0.708338020000000E+02       0.413533860000000E+02
      -0.708247910000000E+02       0.413543750173080E+02
      -0.708123090000000E+02       0.413557450000000E+02
      -0.708002890000000E+02       0.413538000000000E+02
      -0.707948998247857E+02       0.413519069087419E+02
      -0.707838205483116E+02       0.413480150179414E+02
      -0.707832910000000E+02       0.413478290000000E+02
      -0.707825904495995E+02       0.413479424593471E+02
      -0.707749740000000E+02       0.413491760000000E+02
      -0.707689010000000E+02       0.413532460000000E+02
      -0.707682752371036E+02       0.413539475622834E+02
      -0.707682746329326E+02       0.413539482396384E+02
      -0.707292250000000E+02       0.413977280000000E+02
      -0.707243660000000E+02       0.413989420000000E+02
      -0.707124320000000E+02       0.414088500000000E+02
      -0.707123412404004E+02       0.414094888934538E+02
      -0.707114930000000E+02       0.414154600000000E+02
      -0.707013780000000E+02       0.414309250000000E+02
      -0.706868810000000E+02       0.414413340000000E+02
      -0.706540487417750E+02       0.414585881818810E+02
      -0.706493300000000E+02       0.414610680000000E+02
      -0.706339924608253E+02       0.414682102170409E+02
END
         4      -0.700710265242490E+02       0.412664298888889E+02
      -0.700537750032617E+02       0.413156211088088E+02
      -0.700460880000000E+02       0.413216510000000E+02
      -0.700313320000000E+02       0.413393320000000E+02
      -0.700288054839940E+02       0.413599186172926E+02
      -0.700309243977764E+02       0.413674525349912E+02
      -0.700351622253412E+02       0.413721612358339E+02
      -0.700384583154749E+02       0.413763990725236E+02
      -0.700455860000000E+02       0.413835980000000E+02
      -0.700495640000000E+02       0.413879000000000E+02
      -0.700490528935118E+02       0.413917023468409E+02
      -0.700335141802744E+02       0.413858164650844E+02
      -0.700184463357524E+02       0.413686297159049E+02
      -0.699748722631622E+02       0.413012874792790E+02
      -0.699602770000000E+02       0.412787310000000E+02
      -0.699601810000000E+02       0.412645460000000E+02
      -0.699644220000000E+02       0.412545700000000E+02
      -0.699657250000000E+02       0.412524660000000E+02
      -0.699750000000000E+02       0.412473920000000E+02
      -0.699852373774102E+02       0.412442964505755E+02
      -0.700015860000000E+02       0.412393530000000E+02
      -0.700152250000000E+02       0.412379640000000E+02
      -0.700374502773326E+02       0.412407559092727E+02
      -0.700528070000000E+02       0.412426850000000E+02
      -0.700785363170323E+02       0.412441349795843E+02
      -0.700832390000000E+02       0.412444000000000E+02
      -0.700969670000000E+02       0.412408500000000E+02
      -0.701168749784324E+02       0.412422269180549E+02
      -0.701186690000000E+02       0.412423510000000E+02
      -0.701642715693533E+02       0.412542137002105E+02
      -0.701706810000000E+02       0.412558810000000E+02
      -0.702030077515086E+02       0.412689311695817E+02
      -0.702371745552283E+02       0.412827241602721E+02
      -0.702430784523106E+02       0.412844027186306E+02
      -0.702561641773408E+02       0.412881231684998E+02
      -0.702667760215963E+02       0.412944530485502E+02
      -0.702734782424387E+02       0.413015276065768E+02
      -0.702755261402452E+02       0.413104639010334E+02
      -0.702606323209613E+02       0.413100915494181E+02
      -0.702492757842984E+02       0.413056234094053E+02
      -0.702444352962782E+02       0.413032031671991E+02
      -0.702401533248576E+02       0.412953839131574E+02
      -0.702347260037948E+02       0.412927178614501E+02
      -0.702295414697787E+02       0.412901710735218E+02
      -0.702086901256675E+02       0.412901710735218E+02
      -0.701963040000000E+02       0.412946120000000E+02
      -0.701244600000000E+02       0.412938510000000E+02
      -0.701228549981785E+02       0.412940441882259E+02
      -0.700944714129292E+02       0.412974606170464E+02
      -0.700921420000000E+02       0.412977410000000E+02
      -0.700820720000000E+02       0.412990930000000E+02
      -0.700625650000000E+02       0.413087260000000E+02
      -0.700537750032617E+02       0.413156211088088E+02
END
END
