         1      -0.109192907672176E+03       0.484396797777778E+02
      -0.114674398000000E+03       0.490006790000000E+02
      -0.114476274020879E+03       0.490011510383256E+02
      -0.114375977000000E+03       0.490013900000000E+02
      -0.114250971000000E+03       0.490009050000000E+02
      -0.114224912000000E+03       0.489996870000000E+02
      -0.114201107000000E+03       0.489992490000000E+02
      -0.114180211000000E+03       0.489997030000000E+02
      -0.114068154496225E+03       0.489989187535452E+02
      -0.114067890150382E+03       0.489989169034760E+02
      -0.114059188000000E+03       0.489988560000000E+02
      -0.113907487000000E+03       0.489988580000000E+02
      -0.113864127000000E+03       0.489982760000000E+02
      -0.113692982000000E+03       0.489976320000000E+02
      -0.113609138427255E+03       0.489982389590511E+02
      -0.113597867644515E+03       0.489983205503212E+02
      -0.113576118000000E+03       0.489984780000000E+02
      -0.113427660638840E+03       0.489985402919799E+02
      -0.113397193280883E+03       0.489985530759337E+02
      -0.113375925000000E+03       0.489985620000000E+02
      -0.113356874000000E+03       0.489982240000000E+02
      -0.113240977922616E+03       0.489987136493827E+02
      -0.113234539173019E+03       0.489987408524583E+02
      -0.113194740000000E+03       0.489989090000000E+02
      -0.113116356000000E+03       0.489984620000000E+02
      -0.113116356000000E+03       0.489984620000000E+02
      -0.113110155000000E+03       0.489985500000000E+02
      -0.113110155000000E+03       0.489985500000000E+02
      -0.113106891000000E+03       0.489985010000000E+02
      -0.113106891000000E+03       0.489985010000000E+02
      -0.113103212000000E+03       0.489985300000000E+02
      -0.113103212000000E+03       0.489985300000000E+02
      -0.113098147000000E+03       0.489984940000000E+02
      -0.113098147000000E+03       0.489984940000000E+02
      -0.113095436000000E+03       0.489985330000000E+02
      -0.113095436000000E+03       0.489985330000000E+02
      -0.113092055000000E+03       0.489985430000000E+02
      -0.113092055000000E+03       0.489985430000000E+02
      -0.113087863000000E+03       0.489985570000000E+02
      -0.113087863000000E+03       0.489985570000000E+02
      -0.113085576000000E+03       0.489985810000000E+02
      -0.113085576000000E+03       0.489985810000000E+02
      -0.113011041000000E+03       0.489986430000000E+02
      -0.113011041000000E+03       0.489986430000000E+02
      -0.113009895000000E+03       0.489986190000000E+02
      -0.113009895000000E+03       0.489986190000000E+02
      -0.112365028037520E+03       0.489988408734397E+02
      -0.112357026073828E+03       0.489988436266017E+02
      -0.112193588100066E+03       0.489988998592008E+02
      -0.112143769000000E+03       0.489989170000000E+02
      -0.112059242010078E+03       0.489987073485593E+02
      -0.112003866000000E+03       0.489985700000000E+02
      -0.112003154004996E+03       0.489986536379673E+02
      -0.112000878000000E+03       0.489989210000000E+02
      -0.111959673218326E+03       0.489986812773789E+02
      -0.111854088000000E+03       0.489980670000000E+02
      -0.111854088000000E+03       0.489980670000000E+02
      -0.111854090000000E+03       0.489980390000000E+02
      -0.111854090000000E+03       0.489980390000000E+02
      -0.111761679000000E+03       0.489976140000000E+02
      -0.111761679000000E+03       0.489976140000000E+02
      -0.111761613000000E+03       0.489976500000000E+02
      -0.111761613000000E+03       0.489976500000000E+02
      -0.111500896421410E+03       0.489969632223822E+02
      -0.111500812000000E+03       0.489969630000000E+02
      -0.111270700708454E+03       0.489972288179606E+02
      -0.111057917664683E+03       0.489974746188266E+02
      -0.111034498220117E+03       0.489975016722969E+02
      -0.111003916000000E+03       0.489975370000000E+02
      -0.110990107964666E+03       0.489976022122194E+02
      -0.110887459000000E+03       0.489980870000000E+02
      -0.110887459000000E+03       0.489980870000000E+02
      -0.110886706000000E+03       0.489981240000000E+02
      -0.110886706000000E+03       0.489981240000000E+02
      -0.110743211307791E+03       0.489985570575504E+02
      -0.110592465000000E+03       0.489990120000000E+02
      -0.110590785509022E+03       0.489989948324833E+02
      -0.110531615000000E+03       0.489983900000000E+02
      -0.110531204140012E+03       0.489983935079418E+02
      -0.110438151000000E+03       0.489991880000000E+02
      -0.110216135000000E+03       0.489992390000000E+02
      -0.110216135000000E+03       0.489992390000000E+02
      -0.110215516000000E+03       0.489991970000000E+02
      -0.110215516000000E+03       0.489991970000000E+02
      -0.110171595000000E+03       0.489992620000000E+02
      -0.110171595000000E+03       0.489992620000000E+02
      -0.109995618000000E+03       0.489996420000000E+02
      -0.109995618000000E+03       0.489996420000000E+02
      -0.109500737000000E+03       0.490004400000000E+02
      -0.109491129252701E+03       0.490005823248091E+02
      -0.109489694014377E+03       0.490006035857784E+02
      -0.109454023000000E+03       0.490011320000000E+02
      -0.109437397000000E+03       0.490006310000000E+02
      -0.109384762000000E+03       0.490003970000000E+02
      -0.109384762000000E+03       0.490003970000000E+02
      -0.109384068000000E+03       0.490003740000000E+02
      -0.109384068000000E+03       0.490003740000000E+02
      -0.109285975000000E+03       0.490004790000000E+02
      -0.109250722000000E+03       0.490000110000000E+02
      -0.109112367848659E+03       0.489997599788053E+02
      -0.109060570000000E+03       0.489996660000000E+02
      -0.109060570000000E+03       0.489996660000000E+02
      -0.109060292000000E+03       0.489996210000000E+02
      -0.109060292000000E+03       0.489996210000000E+02
      -0.109000708000000E+03       0.489992340000000E+02
      -0.109000708000000E+03       0.489992340000000E+02
      -0.108994722000000E+03       0.489992370000000E+02
      -0.108994722000000E+03       0.489992370000000E+02
      -0.108543194000000E+03       0.489993770000000E+02
      -0.108543194000000E+03       0.489993770000000E+02
      -0.108488063000000E+03       0.489993680000000E+02
      -0.108488063000000E+03       0.489993680000000E+02
      -0.108236496253647E+03       0.489995298521589E+02
      -0.107917998996720E+03       0.489997347658424E+02
      -0.107917998996713E+03       0.489997347658424E+02
      -0.107917406000000E+03       0.489997351473626E+02
      -0.107906380000000E+03       0.489997422412330E+02
      -0.107895409000000E+03       0.489997492997178E+02
      -0.107884331853574E+03       0.489997564264946E+02
      -0.107704696000000E+03       0.489998720000000E+02
      -0.107441017000000E+03       0.489993630000000E+02
      -0.107363582000000E+03       0.490000190000000E+02
      -0.107179864245682E+03       0.489999246498047E+02
      -0.106831572108671E+03       0.489997457806950E+02
      -0.106625597000000E+03       0.489996400000000E+02
      -0.106625597000000E+03       0.489996400000000E+02
      -0.106617539000000E+03       0.489995830000000E+02
      -0.106617539000000E+03       0.489995830000000E+02
      -0.106518201000000E+03       0.489995640000000E+02
      -0.106518201000000E+03       0.489995640000000E+02
      -0.106500592000000E+03       0.489997560000000E+02
      -0.106500592000000E+03       0.489997560000000E+02
      -0.106500592000000E+03       0.489994430000000E+02
      -0.106479609000000E+03       0.489993720000000E+02
      -0.106374616000000E+03       0.489996170000000E+02
      -0.106374616000000E+03       0.489996170000000E+02
      -0.106368151000000E+03       0.489995030000000E+02
      -0.106368151000000E+03       0.489995030000000E+02
      -0.106274267000000E+03       0.489993120000000E+02
      -0.106274267000000E+03       0.489993120000000E+02
      -0.106246210000000E+03       0.489992580000000E+02
      -0.106246210000000E+03       0.489992580000000E+02
      -0.106243154000000E+03       0.489993730000000E+02
      -0.106243154000000E+03       0.489993730000000E+02
      -0.106233987000000E+03       0.489994230000000E+02
      -0.106233987000000E+03       0.489994230000000E+02
      -0.106119350387241E+03       0.489992880187068E+02
      -0.106112108987352E+03       0.489992794921680E+02
      -0.106050543000000E+03       0.489992070000000E+02
      -0.106050543000000E+03       0.489992070000000E+02
      -0.105966197000000E+03       0.489994450000000E+02
      -0.105966197000000E+03       0.489994450000000E+02
      -0.105834181000000E+03       0.489997070000000E+02
      -0.105834181000000E+03       0.489997070000000E+02
      -0.105775808000000E+03       0.489996370000000E+02
      -0.105775808000000E+03       0.489996370000000E+02
      -0.105650270000000E+03       0.489994440000000E+02
      -0.105650270000000E+03       0.489994440000000E+02
      -0.105612577000000E+03       0.489997030000000E+02
      -0.105612577000000E+03       0.489997030000000E+02
      -0.105607542000000E+03       0.489996240000000E+02
      -0.105607542000000E+03       0.489996240000000E+02
      -0.105578616000000E+03       0.489996730000000E+02
      -0.105578616000000E+03       0.489996730000000E+02
      -0.105522636000000E+03       0.489995910000000E+02
      -0.105522636000000E+03       0.489995910000000E+02
      -0.105411972000000E+03       0.489995820000000E+02
      -0.105411972000000E+03       0.489995820000000E+02
      -0.105407909000000E+03       0.489994800000000E+02
      -0.105407909000000E+03       0.489994800000000E+02
      -0.105391379000000E+03       0.489994750000000E+02
      -0.105391379000000E+03       0.489994750000000E+02
      -0.105387490000000E+03       0.489993820000000E+02
      -0.105387490000000E+03       0.489993820000000E+02
      -0.105355888000000E+03       0.489993570000000E+02
      -0.105355888000000E+03       0.489993570000000E+02
      -0.105277521000000E+03       0.489994570000000E+02
      -0.105277521000000E+03       0.489994570000000E+02
      -0.105265192000000E+03       0.489995000000000E+02
      -0.105265192000000E+03       0.489995000000000E+02
      -0.105057513803762E+03       0.489992287203062E+02
      -0.105023440494556E+03       0.489991842120378E+02
      -0.104875527000000E+03       0.489989910000000E+02
      -0.104772370975680E+03       0.489991506142536E+02
      -0.104647389000000E+03       0.489993440000000E+02
      -0.104647389000000E+03       0.489993440000000E+02
      -0.104543636000000E+03       0.489995410000000E+02
      -0.104543636000000E+03       0.489995410000000E+02
      -0.104305545168627E+03       0.489997026458261E+02
      -0.104048736000000E+03       0.489998770000000E+02
      -0.104048736000000E+03       0.489998770000000E+02
      -0.104048478000000E+03       0.489870070000000E+02
      -0.104048478000000E+03       0.489870070000000E+02
      -0.104048616000000E+03       0.489667360000000E+02
      -0.104048616000000E+03       0.489667360000000E+02
      -0.104048555000000E+03       0.489637720000000E+02
      -0.104048555000000E+03       0.489637720000000E+02
      -0.104048800000000E+03       0.489589970000000E+02
      -0.104048800000000E+03       0.489589970000000E+02
      -0.104048627000000E+03       0.489571240000000E+02
      -0.104048627000000E+03       0.489571240000000E+02
      -0.104048698000000E+03       0.489518230000000E+02
      -0.104048698000000E+03       0.489518230000000E+02
      -0.104048872000000E+03       0.489496300000000E+02
      -0.104048872000000E+03       0.489496300000000E+02
      -0.104048770000000E+03       0.489433010000000E+02
      -0.104048770000000E+03       0.489433010000000E+02
      -0.104048701000000E+03       0.489403310000000E+02
      -0.104048701000000E+03       0.489403310000000E+02
      -0.104048807000000E+03       0.489336360000000E+02
      -0.104048807000000E+03       0.489336360000000E+02
      -0.104048744000000E+03       0.489121130000000E+02
      -0.104048744000000E+03       0.489121130000000E+02
      -0.104048746000000E+03       0.489068580000000E+02
      -0.104048746000000E+03       0.489068580000000E+02
      -0.104048643000000E+03       0.489026090000000E+02
      -0.104048643000000E+03       0.489026090000000E+02
      -0.104048719000000E+03       0.488799210000000E+02
      -0.104048719000000E+03       0.488799210000000E+02
      -0.104048827179341E+03       0.488773209655040E+02
      -0.104048893000000E+03       0.488757390000000E+02
      -0.104048893000000E+03       0.488757390000000E+02
      -0.104048883000000E+03       0.488740080000000E+02
      -0.104048883000000E+03       0.488740080000000E+02
      -0.104048824000000E+03       0.488675390000000E+02
      -0.104048824000000E+03       0.488675390000000E+02
      -0.104048652000000E+03       0.488657340000000E+02
      -0.104048652000000E+03       0.488657340000000E+02
      -0.104048678344974E+03       0.488637850030396E+02
      -0.104048900000000E+03       0.488473870000000E+02
      -0.104048900000000E+03       0.488473870000000E+02
      -0.104048569000000E+03       0.487970520000000E+02
      -0.104048569000000E+03       0.487970520000000E+02
      -0.104048537000000E+03       0.487885520000000E+02
      -0.104048537000000E+03       0.487885520000000E+02
      -0.104048233000000E+03       0.487656360000000E+02
      -0.104048548000000E+03       0.487513560000000E+02
      -0.104048548000000E+03       0.487513560000000E+02
      -0.104048340000000E+03       0.487471330000000E+02
      -0.104048340000000E+03       0.487471330000000E+02
      -0.104047883000000E+03       0.486641910000000E+02
      -0.104047883000000E+03       0.486641910000000E+02
      -0.104047849000000E+03       0.486631630000000E+02
      -0.104047849000000E+03       0.486631630000000E+02
      -0.104047861000000E+03       0.486588560000000E+02
      -0.104047861000000E+03       0.486588560000000E+02
      -0.104047865000000E+03       0.486574500000000E+02
      -0.104047865000000E+03       0.486574500000000E+02
      -0.104047887000000E+03       0.486499110000000E+02
      -0.104047887000000E+03       0.486499110000000E+02
      -0.104047819000000E+03       0.486486310000000E+02
      -0.104047819000000E+03       0.486486310000000E+02
      -0.104047582000000E+03       0.486339840000000E+02
      -0.104047582000000E+03       0.486339840000000E+02
      -0.104047620000000E+03       0.486270150000000E+02
      -0.104047620000000E+03       0.486270150000000E+02
      -0.104047586000000E+03       0.486256440000000E+02
      -0.104047586000000E+03       0.486256440000000E+02
      -0.104047915184320E+03       0.486204248974354E+02
      -0.104047930000000E+03       0.486201900000000E+02
      -0.104047930000000E+03       0.486201900000000E+02
      -0.104048212000000E+03       0.485990550000000E+02
      -0.104048212000000E+03       0.485990550000000E+02
      -0.104047974000000E+03       0.485916060000000E+02
      -0.104047974000000E+03       0.485916060000000E+02
      -0.104047811000000E+03       0.485627700000000E+02
      -0.104047811000000E+03       0.485627700000000E+02
      -0.104047783000000E+03       0.485397370000000E+02
      -0.104047783000000E+03       0.485397370000000E+02
      -0.104047648000000E+03       0.485314890000000E+02
      -0.104047648000000E+03       0.485314890000000E+02
      -0.104047876000000E+03       0.485307980000000E+02
      -0.104047876000000E+03       0.485307980000000E+02
      -0.104047513000000E+03       0.485259130000000E+02
      -0.104047513000000E+03       0.485259130000000E+02
      -0.104047675000000E+03       0.485178520000000E+02
      -0.104047675000000E+03       0.485178520000000E+02
      -0.104048054000000E+03       0.485000250000000E+02
      -0.104047555000000E+03       0.484941400000000E+02
      -0.104047555000000E+03       0.484941400000000E+02
      -0.104047392000000E+03       0.484670860000000E+02
      -0.104047392000000E+03       0.484670860000000E+02
      -0.104047259000000E+03       0.484529410000000E+02
      -0.104047259000000E+03       0.484529410000000E+02
      -0.104047294000000E+03       0.484525290000000E+02
      -0.104047294000000E+03       0.484525290000000E+02
      -0.104047192000000E+03       0.484472510000000E+02
      -0.104047192000000E+03       0.484472510000000E+02
      -0.104047090000000E+03       0.484459030000000E+02
      -0.104047090000000E+03       0.484459030000000E+02
      -0.104046960000000E+03       0.484210650000000E+02
      -0.104046960000000E+03       0.484210650000000E+02
      -0.104047134000000E+03       0.484110570000000E+02
      -0.104047134000000E+03       0.484110570000000E+02
      -0.104046969000000E+03       0.483906750000000E+02
      -0.104046969000000E+03       0.483906750000000E+02
      -0.104046913000000E+03       0.483894330000000E+02
      -0.104046783484236E+03       0.483821021077262E+02
      -0.104046654000000E+03       0.483747730000000E+02
      -0.104046654000000E+03       0.483747730000000E+02
      -0.104046371000000E+03       0.483741540000000E+02
      -0.104046371000000E+03       0.483741540000000E+02
      -0.104046332000000E+03       0.483422900000000E+02
      -0.104046332000000E+03       0.483422900000000E+02
      -0.104046039000000E+03       0.482567610000000E+02
      -0.104046039000000E+03       0.482567610000000E+02
      -0.104045861000000E+03       0.482550970000000E+02
      -0.104045861000000E+03       0.482550970000000E+02
      -0.104045645000000E+03       0.482461790000000E+02
      -0.104045645000000E+03       0.482461790000000E+02
      -0.104045729000000E+03       0.482445860000000E+02
      -0.104045729000000E+03       0.482445860000000E+02
      -0.104045692000000E+03       0.482414150000000E+02
      -0.104045692000000E+03       0.482414150000000E+02
      -0.104045560000000E+03       0.481939130000000E+02
      -0.104045560000000E+03       0.481939130000000E+02
      -0.104045424000000E+03       0.481924730000000E+02
      -0.104045424000000E+03       0.481924730000000E+02
      -0.104045498000000E+03       0.481762490000000E+02
      -0.104045498000000E+03       0.481762490000000E+02
      -0.104045399000000E+03       0.481643900000000E+02
      -0.104045399000000E+03       0.481643900000000E+02
      -0.104044120000000E+03       0.479961070000000E+02
      -0.104044162000000E+03       0.479928360000000E+02
      -0.104044162000000E+03       0.479928360000000E+02
      -0.104043933000000E+03       0.479715150000000E+02
      -0.104043933000000E+03       0.479715150000000E+02
      -0.104043497000000E+03       0.479544900000000E+02
      -0.104043497000000E+03       0.479544900000000E+02
      -0.104043329000000E+03       0.479495540000000E+02
      -0.104043329000000E+03       0.479495540000000E+02
      -0.104042230000000E+03       0.478910310000000E+02
      -0.104042230000000E+03       0.478910310000000E+02
      -0.104041662000000E+03       0.478622820000000E+02
      -0.104041662000000E+03       0.478622820000000E+02
      -0.104041702679730E+03       0.478582370198844E+02
      -0.104041869000000E+03       0.478416990000000E+02
      -0.104041869000000E+03       0.478416990000000E+02
      -0.104042015475311E+03       0.478346769987664E+02
      -0.104042567000000E+03       0.478082370000000E+02
      -0.104042567000000E+03       0.478082370000000E+02
      -0.104042508374342E+03       0.478069867535592E+02
      -0.104042432000000E+03       0.478053580000000E+02
      -0.104042432000000E+03       0.478053580000000E+02
      -0.104042384000000E+03       0.478032560000000E+02
      -0.104042384000000E+03       0.478032560000000E+02
      -0.104043199000000E+03       0.477472920000000E+02
      -0.104043199000000E+03       0.477472920000000E+02
      -0.104043242000000E+03       0.477471060000000E+02
      -0.104043242000000E+03       0.477471060000000E+02
      -0.104043528764528E+03       0.476770838375641E+02
      -0.104043742000000E+03       0.476250160000000E+02
      -0.104044241000000E+03       0.476122880000000E+02
      -0.104043912000000E+03       0.476032290000000E+02
      -0.104044109000000E+03       0.475235950000000E+02
      -0.104044621000000E+03       0.474593800000000E+02
      -0.104044621000000E+03       0.474593800000000E+02
      -0.104044797000000E+03       0.474384450000000E+02
      -0.104044797000000E+03       0.474384450000000E+02
      -0.104045069000000E+03       0.473974610000000E+02
      -0.104044863000000E+03       0.473750150000000E+02
      -0.104045333000000E+03       0.473434520000000E+02
      -0.104045333000000E+03       0.473434520000000E+02
      -0.104045313000000E+03       0.473319550000000E+02
      -0.104045313000000E+03       0.473319550000000E+02
      -0.104045121000000E+03       0.472769690000000E+02
      -0.104045121000000E+03       0.472769690000000E+02
      -0.104045155000000E+03       0.472739300000000E+02
      -0.104045155000000E+03       0.472739300000000E+02
      -0.104045088000000E+03       0.472714060000000E+02
      -0.104045088000000E+03       0.472714060000000E+02
      -0.104045057000000E+03       0.472668680000000E+02
      -0.104045057000000E+03       0.472668680000000E+02
      -0.104045091000000E+03       0.472659530000000E+02
      -0.104045091000000E+03       0.472659530000000E+02
      -0.104045159000000E+03       0.472638740000000E+02
      -0.104045159000000E+03       0.472638740000000E+02
      -0.104045517000000E+03       0.472156660000000E+02
      -0.104044788000000E+03       0.471274300000000E+02
      -0.104045081000000E+03       0.470928130000000E+02
      -0.104045081000000E+03       0.470928130000000E+02
      -0.104045018000000E+03       0.470812020000000E+02
      -0.104045018000000E+03       0.470812020000000E+02
      -0.104045354000000E+03       0.470785740000000E+02
      -0.104045354000000E+03       0.470785740000000E+02
      -0.104045259000000E+03       0.470639010000000E+02
      -0.104045259000000E+03       0.470639010000000E+02
      -0.104045227000000E+03       0.470575020000000E+02
      -0.104045227000000E+03       0.470575020000000E+02
      -0.104045195000000E+03       0.470536390000000E+02
      -0.104045195000000E+03       0.470536390000000E+02
      -0.104045052000000E+03       0.470408630000000E+02
      -0.104045052000000E+03       0.470408630000000E+02
      -0.104045076000000E+03       0.470375890000000E+02
      -0.104045076000000E+03       0.470375890000000E+02
      -0.104045566000000E+03       0.469412310000000E+02
      -0.104045566000000E+03       0.469412310000000E+02
      -0.104045535000000E+03       0.469340090000000E+02
      -0.104045535000000E+03       0.469340090000000E+02
      -0.104045542000000E+03       0.469338870000000E+02
      -0.104045542000000E+03       0.469338870000000E+02
      -0.104045594577990E+03       0.469187877434971E+02
      -0.104045901000000E+03       0.468307900000000E+02
      -0.104045402000000E+03       0.467254230000000E+02
      -0.104045402000000E+03       0.467254230000000E+02
      -0.104045403000000E+03       0.467221770000000E+02
      -0.104045403000000E+03       0.467221770000000E+02
      -0.104045370000000E+03       0.467213320000000E+02
      -0.104045370000000E+03       0.467213320000000E+02
      -0.104045572000000E+03       0.467138810000000E+02
      -0.104045572000000E+03       0.467138810000000E+02
      -0.104045474000000E+03       0.467087380000000E+02
      -0.104045474000000E+03       0.467087380000000E+02
      -0.104045271000000E+03       0.466414490000000E+02
      -0.104045045000000E+03       0.465097880000000E+02
      -0.104045303924936E+03       0.464789832745579E+02
      -0.104046103000000E+03       0.463839160000000E+02
      -0.104045481000000E+03       0.463668710000000E+02
      -0.104045462000000E+03       0.463418950000000E+02
      -0.104045462000000E+03       0.463418950000000E+02
      -0.104045469000000E+03       0.463245450000000E+02
      -0.104045469000000E+03       0.463245450000000E+02
      -0.104045237000000E+03       0.461250020000000E+02
      -0.104045759000000E+03       0.461239460000000E+02
      -0.104046822000000E+03       0.460001990000000E+02
      -0.104045443000000E+03       0.459453100000000E+02
      -0.104045443000000E+03       0.459453100000000E+02
      -0.104044030000000E+03       0.458819750000000E+02
      -0.104044009000000E+03       0.458719740000000E+02
      -0.104044009000000E+03       0.458719740000000E+02
      -0.104043814000000E+03       0.458683850000000E+02
      -0.104043814000000E+03       0.458683850000000E+02
      -0.104042597000000E+03       0.457499980000000E+02
      -0.104041937000000E+03       0.455579150000000E+02
      -0.104041937000000E+03       0.455579150000000E+02
      -0.104041647000000E+03       0.455506910000000E+02
      -0.104041647000000E+03       0.455506910000000E+02
      -0.104041717000000E+03       0.455391220000000E+02
      -0.104041717000000E+03       0.455391220000000E+02
      -0.104041145000000E+03       0.455033670000000E+02
      -0.104041145000000E+03       0.455033670000000E+02
      -0.104041274000000E+03       0.454999940000000E+02
      -0.104041274000000E+03       0.454999940000000E+02
      -0.104041764000000E+03       0.454907890000000E+02
      -0.104041764000000E+03       0.454907890000000E+02
      -0.104040816000000E+03       0.454627080000000E+02
      -0.104040410000000E+03       0.453934740000000E+02
      -0.104040410000000E+03       0.453934740000000E+02
      -0.104040114000000E+03       0.453742140000000E+02
      -0.104040114000000E+03       0.453742140000000E+02
      -0.104040265000000E+03       0.453453560000000E+02
      -0.104040265000000E+03       0.453453560000000E+02
      -0.104040358000000E+03       0.453359460000000E+02
      -0.104040358000000E+03       0.453359460000000E+02
      -0.104039977000000E+03       0.451249880000000E+02
      -0.104039563000000E+03       0.451240390000000E+02
      -0.104040128000000E+03       0.449999870000000E+02
      -0.104039681000000E+03       0.449980410000000E+02
      -0.104057698000000E+03       0.449974310000000E+02
      -0.104057698000000E+03       0.449974310000000E+02
      -0.104250145000000E+03       0.449982200000000E+02
      -0.104470117000000E+03       0.449984530000000E+02
      -0.104470117000000E+03       0.449984530000000E+02
      -0.104470422000000E+03       0.449984530000000E+02
      -0.104470422000000E+03       0.449984530000000E+02
      -0.104663882000000E+03       0.449988690000000E+02
      -0.104663882000000E+03       0.449988690000000E+02
      -0.104665171000000E+03       0.449986180000000E+02
      -0.104665171000000E+03       0.449986180000000E+02
      -0.104726370000000E+03       0.449995180000000E+02
      -0.104759855000000E+03       0.449990660000000E+02
      -0.104759855000000E+03       0.449990660000000E+02
      -0.104765063000000E+03       0.449991830000000E+02
      -0.104765063000000E+03       0.449991830000000E+02
      -0.105018240000000E+03       0.450004370000000E+02
      -0.105018240000000E+03       0.450004370000000E+02
      -0.105019284000000E+03       0.450003290000000E+02
      -0.105019284000000E+03       0.450003290000000E+02
      -0.105025266000000E+03       0.450002900000000E+02
      -0.105025266000000E+03       0.450002900000000E+02
      -0.105038405000000E+03       0.450003450000000E+02
      -0.105848065000000E+03       0.450003960000000E+02
      -0.105909327764734E+03       0.450009071717743E+02
      -0.105913382000000E+03       0.450009410000000E+02
      -0.105914258000000E+03       0.449999860000000E+02
      -0.105928184000000E+03       0.449936470000000E+02
      -0.106263586000000E+03       0.449937880000000E+02
      -0.106888773000000E+03       0.449958850000000E+02
      -0.106888773000000E+03       0.449958850000000E+02
      -0.106892875000000E+03       0.449959470000000E+02
      -0.106892875000000E+03       0.449959470000000E+02
      -0.107005153547311E+03       0.449962861263444E+02
      -0.107050801000000E+03       0.449964240000000E+02
      -0.107074996000000E+03       0.449970040000000E+02
      -0.107084939000000E+03       0.449965990000000E+02
      -0.107105685000000E+03       0.449987340000000E+02
      -0.107125633000000E+03       0.449993880000000E+02
      -0.107134180000000E+03       0.450001090000000E+02
      -0.107297679234443E+03       0.450010858067270E+02
      -0.107326240782104E+03       0.450012564442959E+02
      -0.107351441000000E+03       0.450014070000000E+02
      -0.107492050000000E+03       0.450014800000000E+02
      -0.107607824000000E+03       0.450009290000000E+02
      -0.107607824000000E+03       0.450009290000000E+02
      -0.107608854000000E+03       0.450008600000000E+02
      -0.107608854000000E+03       0.450008600000000E+02
      -0.107750654000000E+03       0.450007780000000E+02
      -0.107881486413519E+03       0.450011953714098E+02
      -0.107997353000000E+03       0.450015650000000E+02
      -0.108000663000000E+03       0.450012230000000E+02
      -0.108149390000000E+03       0.450010620000000E+02
      -0.108218479000000E+03       0.450005410000000E+02
      -0.108219850134848E+03       0.450005176363085E+02
      -0.108231691620826E+03       0.450003158612423E+02
      -0.108238139000000E+03       0.450002060000000E+02
      -0.108249345000000E+03       0.449994580000000E+02
      -0.108271201000000E+03       0.450002510000000E+02
      -0.108500679000000E+03       0.449996910000000E+02
      -0.108565921000000E+03       0.450005780000000E+02
      -0.108565921000000E+03       0.450005780000000E+02
      -0.108578484000000E+03       0.450004840000000E+02
      -0.108578484000000E+03       0.450004840000000E+02
      -0.109062262000000E+03       0.449996230000000E+02
      -0.109062262000000E+03       0.449996230000000E+02
      -0.109081519301321E+03       0.449996109340217E+02
      -0.109083010000000E+03       0.449996100000000E+02
      -0.109083010000000E+03       0.449996100000000E+02
      -0.109103445000000E+03       0.450059040000000E+02
      -0.109263431000000E+03       0.450053450000000E+02
      -0.109263431000000E+03       0.450053450000000E+02
      -0.109269294000000E+03       0.450052830000000E+02
      -0.109269294000000E+03       0.450052830000000E+02
      -0.109375713000000E+03       0.450046100000000E+02
      -0.109386432000000E+03       0.450048870000000E+02
      -0.109574321000000E+03       0.450026310000000E+02
      -0.109663673000000E+03       0.450025360000000E+02
      -0.109750730000000E+03       0.450016050000000E+02
      -0.109798687000000E+03       0.450021880000000E+02
      -0.109855000787927E+03       0.450029824799018E+02
      -0.109875735000000E+03       0.450032750000000E+02
      -0.109995050000000E+03       0.450031740000000E+02
      -0.110001505709095E+03       0.450032646094147E+02
      -0.110001508000000E+03       0.450032646415688E+02
      -0.110025544000000E+03       0.450036020000000E+02
      -0.110025544000000E+03       0.450036020000000E+02
      -0.110026347000000E+03       0.450036650000000E+02
      -0.110026347000000E+03       0.450036650000000E+02
      -0.110110103000000E+03       0.450039050000000E+02
      -0.110199503000000E+03       0.449961880000000E+02
      -0.110286770000000E+03       0.449968500000000E+02
      -0.110324441000000E+03       0.449991560000000E+02
      -0.110342131000000E+03       0.449990530000000E+02
      -0.110362698000000E+03       0.450005930000000E+02
      -0.110402927000000E+03       0.449938100000000E+02
      -0.110488070000000E+03       0.449923610000000E+02
      -0.110547165000000E+03       0.449924590000000E+02
      -0.110547165000000E+03       0.449924590000000E+02
      -0.110552433000000E+03       0.449922370000000E+02
      -0.110552433000000E+03       0.449922370000000E+02
      -0.110705272000000E+03       0.449923240000000E+02
      -0.110750767000000E+03       0.449979480000000E+02
      -0.110761554000000E+03       0.449999340000000E+02
      -0.110785008000000E+03       0.450029520000000E+02
      -0.111044275000000E+03       0.450013450000000E+02
      -0.111055199000000E+03       0.450013210000000E+02
      -0.111056207000000E+03       0.449359010000000E+02
      -0.111056207000000E+03       0.449359010000000E+02
      -0.111055629000000E+03       0.449335780000000E+02
      -0.111055629000000E+03       0.449335780000000E+02
      -0.111056888000000E+03       0.448666580000000E+02
      -0.111056416000000E+03       0.447499280000000E+02
      -0.111055511000000E+03       0.447253430000000E+02
      -0.111055208000000E+03       0.446249270000000E+02
      -0.111048974000000E+03       0.444740720000000E+02
      -0.111048974000000E+03       0.444740720000000E+02
      -0.111056061578097E+03       0.444751030609794E+02
      -0.111062729000000E+03       0.444760730000000E+02
      -0.111089413803139E+03       0.444839041046809E+02
      -0.111092943199988E+03       0.444849398655983E+02
      -0.111096192826641E+03       0.444858935232424E+02
      -0.111100952451211E+03       0.444872903151940E+02
      -0.111111245633564E+03       0.444903110228261E+02
      -0.111122654000000E+03       0.444936590000000E+02
      -0.111131379000000E+03       0.444999250000000E+02
      -0.111139455000000E+03       0.445171120000000E+02
      -0.111143498648889E+03       0.445354650893735E+02
      -0.111143557479736E+03       0.445357321075596E+02
      -0.111159590000000E+03       0.445463760000000E+02
      -0.111166892000000E+03       0.445472200000000E+02
      -0.111175746624102E+03       0.445522192316442E+02
      -0.111180318054485E+03       0.445620654019723E+02
      -0.111182550823255E+03       0.445668744485448E+02
      -0.111189616737199E+03       0.445710616569959E+02
      -0.111201459000000E+03       0.445756960000000E+02
      -0.111225207986213E+03       0.445810062612193E+02
      -0.111230180283253E+03       0.445870253768545E+02
      -0.111231227086634E+03       0.446069145954441E+02
      -0.111226447987625E+03       0.446180658333250E+02
      -0.111224161182832E+03       0.446234017144572E+02
      -0.111245277946375E+03       0.446439049916025E+02
      -0.111252680000000E+03       0.446510920000000E+02
      -0.111262839000000E+03       0.446496580000000E+02
      -0.111276956000000E+03       0.446556260000000E+02
      -0.111268750000000E+03       0.446682790000000E+02
      -0.111269644871592E+03       0.446693847242882E+02
      -0.111274692522211E+03       0.446756217195570E+02
      -0.111276358128413E+03       0.446776797815707E+02
      -0.111280540595151E+03       0.446828477353828E+02
      -0.111296260000000E+03       0.447022710000000E+02
      -0.111323669000000E+03       0.447244740000000E+02
      -0.111341351000000E+03       0.447293000000000E+02
      -0.111348184000000E+03       0.447254590000000E+02
      -0.111355768000000E+03       0.447276020000000E+02
      -0.111366723000000E+03       0.447383610000000E+02
      -0.111366270000000E+03       0.447422340000000E+02
      -0.111374760000000E+03       0.447502950000000E+02
      -0.111377681799060E+03       0.447516733362478E+02
      -0.111385005000000E+03       0.447551280000000E+02
      -0.111393854000000E+03       0.447525490000000E+02
      -0.111397805000000E+03       0.447467380000000E+02
      -0.111394459000000E+03       0.447445780000000E+02
      -0.111397422926821E+03       0.447292867011576E+02
      -0.111398575000000E+03       0.447233430000000E+02
      -0.111414271000000E+03       0.447107410000000E+02
      -0.111424214000000E+03       0.447140240000000E+02
      -0.111429604000000E+03       0.447201490000000E+02
      -0.111438293823097E+03       0.447205244336456E+02
      -0.111438793000000E+03       0.447205460000000E+02
      -0.111439056013368E+03       0.447204742012378E+02
      -0.111444402657207E+03       0.447190146464932E+02
      -0.111453291382651E+03       0.447165881558223E+02
      -0.111467126789615E+03       0.447128112942084E+02
      -0.111480507833591E+03       0.447091584669746E+02
      -0.111486019000000E+03       0.447076540000000E+02
      -0.111489102805024E+03       0.447051386554203E+02
      -0.111489339000000E+03       0.447049460000000E+02
      -0.111490228000000E+03       0.447002210000000E+02
      -0.111489902046297E+03       0.446994478231392E+02
      -0.111484898000000E+03       0.446875780000000E+02
      -0.111477980000000E+03       0.446823930000000E+02
      -0.111468833000000E+03       0.446793350000000E+02
      -0.111469236487730E+03       0.446780482966674E+02
      -0.111472701893483E+03       0.446669972812192E+02
      -0.111473178000000E+03       0.446654790000000E+02
      -0.111483968108096E+03       0.446553781990067E+02
      -0.111491293376405E+03       0.446485208925961E+02
      -0.111495775932809E+03       0.446443246964348E+02
      -0.111504939971508E+03       0.446357460862514E+02
      -0.111507308945786E+03       0.446325811761943E+02
      -0.111521688000000E+03       0.446133710000000E+02
      -0.111525764000000E+03       0.446048830000000E+02
      -0.111524599394629E+03       0.445979013747634E+02
      -0.111524213000000E+03       0.445955850000000E+02
      -0.111519126000000E+03       0.445829160000000E+02
      -0.111502649719992E+03       0.445694769679785E+02
      -0.111492024000000E+03       0.445608100000000E+02
      -0.111475937829486E+03       0.445546358518008E+02
      -0.111469185000000E+03       0.445520440000000E+02
      -0.111467736000000E+03       0.445445210000000E+02
      -0.111471682000000E+03       0.445408240000000E+02
      -0.111500792000000E+03       0.445400620000000E+02
      -0.111518095000000E+03       0.445441770000000E+02
      -0.111524006000000E+03       0.445483850000000E+02
      -0.111546637000000E+03       0.445570990000000E+02
      -0.111556577000000E+03       0.445544950000000E+02
      -0.111562814000000E+03       0.445552090000000E+02
      -0.111573884278800E+03       0.445588915355508E+02
      -0.111584084479596E+03       0.445622846390796E+02
      -0.111585763000000E+03       0.445628430000000E+02
      -0.111591768000000E+03       0.445615020000000E+02
      -0.111601249000000E+03       0.445542100000000E+02
      -0.111601290105118E+03       0.445541936935536E+02
      -0.111614405000000E+03       0.445489910000000E+02
      -0.111636719117719E+03       0.445526032651633E+02
      -0.111641000155178E+03       0.445532962902101E+02
      -0.111652481242214E+03       0.445551548772831E+02
      -0.111681571000000E+03       0.445598640000000E+02
      -0.111685465541718E+03       0.445599226408233E+02
      -0.111704218000000E+03       0.445602050000000E+02
      -0.111709553000000E+03       0.445502060000000E+02
      -0.111715474000000E+03       0.445435430000000E+02
      -0.111720181137432E+03       0.445434383102464E+02
      -0.111730041578963E+03       0.445432190077064E+02
      -0.111735678196904E+03       0.445430936457105E+02
      -0.111737191000000E+03       0.445430600000000E+02
      -0.111746401000000E+03       0.445407660000000E+02
      -0.111758966000000E+03       0.445337660000000E+02
      -0.111761904000000E+03       0.445298410000000E+02
      -0.111767457214341E+03       0.445281508100990E+02
      -0.111806512000000E+03       0.445162640000000E+02
      -0.111807914000000E+03       0.445117160000000E+02
      -0.111821488000000E+03       0.445092860000000E+02
      -0.111830068279678E+03       0.445161256900270E+02
      -0.111842542000000E+03       0.445260690000000E+02
      -0.111849293000000E+03       0.445398370000000E+02
      -0.111857446244686E+03       0.445491376415736E+02
      -0.111865410111024E+03       0.445582222537989E+02
      -0.111870504000000E+03       0.445640330000000E+02
      -0.111887852000000E+03       0.445634130000000E+02
      -0.111895135139215E+03       0.445605472974565E+02
      -0.111903566000000E+03       0.445572300000000E+02
      -0.111920264187570E+03       0.445570591610782E+02
      -0.111947941000000E+03       0.445567760000000E+02
      -0.111949097171151E+03       0.445546083001649E+02
      -0.111951522000000E+03       0.445500620000000E+02
      -0.111963159840035E+03       0.445447495132317E+02
      -0.111963301688455E+03       0.445446847617098E+02
      -0.111969544803546E+03       0.445418348800982E+02
      -0.111980833000000E+03       0.445366820000000E+02
      -0.111995231000000E+03       0.445354440000000E+02
      -0.112013850000000E+03       0.445423480000000E+02
      -0.112032707000000E+03       0.445466420000000E+02
      -0.112035025000000E+03       0.445426910000000E+02
      -0.112034133000000E+03       0.445377160000000E+02
      -0.112036943000000E+03       0.445303230000000E+02
      -0.112053434000000E+03       0.445350890000000E+02
      -0.112061725698366E+03       0.445361615924252E+02
      -0.112069011000000E+03       0.445371040000000E+02
      -0.112080891722211E+03       0.445336306994962E+02
      -0.112093304000000E+03       0.445300020000000E+02
      -0.112096299000000E+03       0.445232120000000E+02
      -0.112101564000000E+03       0.445208470000000E+02
      -0.112106755000000E+03       0.445208290000000E+02
      -0.112125101000000E+03       0.445285270000000E+02
      -0.112129078000000E+03       0.445363000000000E+02
      -0.112136454000000E+03       0.445399110000000E+02
      -0.112164597000000E+03       0.445416660000000E+02
      -0.112179703000000E+03       0.445330210000000E+02
      -0.112183937000000E+03       0.445330670000000E+02
      -0.112221698000000E+03       0.445435190000000E+02
      -0.112229477000000E+03       0.445494940000000E+02
      -0.112226841000000E+03       0.445552390000000E+02
      -0.112230117000000E+03       0.445627590000000E+02
      -0.112242785000000E+03       0.445680910000000E+02
      -0.112247749999126E+03       0.445685365367604E+02
      -0.112258665000000E+03       0.445695160000000E+02
      -0.112286187000000E+03       0.445684720000000E+02
      -0.112289869878780E+03       0.445666145107772E+02
      -0.112307642000000E+03       0.445576510000000E+02
      -0.112312899000000E+03       0.445535360000000E+02
      -0.112315047000000E+03       0.445500490000000E+02
      -0.112315021874158E+03       0.445447989876145E+02
      -0.112315008000000E+03       0.445419000000000E+02
      -0.112319198000000E+03       0.445391100000000E+02
      -0.112348794000000E+03       0.445386910000000E+02
      -0.112354210000000E+03       0.445356380000000E+02
      -0.112358917000000E+03       0.445288470000000E+02
      -0.112356600000000E+03       0.444931270000000E+02
      -0.112358926000000E+03       0.444862800000000E+02
      -0.112364673203428E+03       0.444751063102283E+02
      -0.112368764000000E+03       0.444671530000000E+02
      -0.112372012466076E+03       0.444638225592098E+02
      -0.112387389000000E+03       0.444480580000000E+02
      -0.112412517922149E+03       0.444554772496776E+02
      -0.112435342000000E+03       0.444622160000000E+02
      -0.112445548032668E+03       0.444677237066513E+02
      -0.112460347000000E+03       0.444757100000000E+02
      -0.112469457827831E+03       0.444787684326398E+02
      -0.112473207000000E+03       0.444800270000000E+02
      -0.112487125113547E+03       0.444713093711186E+02
      -0.112500310000000E+03       0.444630510000000E+02
      -0.112511713000000E+03       0.444664450000000E+02
      -0.112512036000000E+03       0.444704200000000E+02
      -0.112518871000000E+03       0.444757840000000E+02
      -0.112541989000000E+03       0.444839710000000E+02
      -0.112550557000000E+03       0.444849280000000E+02
      -0.112573513000000E+03       0.444809830000000E+02
      -0.112584197000000E+03       0.444813680000000E+02
      -0.112593586992432E+03       0.444864956608737E+02
      -0.112601863000000E+03       0.444910150000000E+02
      -0.112629970943134E+03       0.444885024700773E+02
      -0.112660696000000E+03       0.444857560000000E+02
      -0.112664485000000E+03       0.444864500000000E+02
      -0.112665923195086E+03       0.444874860426896E+02
      -0.112671169000000E+03       0.444912650000000E+02
      -0.112687197942169E+03       0.444964079433504E+02
      -0.112696693534631E+03       0.444994546381103E+02
      -0.112707815000000E+03       0.445030230000000E+02
      -0.112719110000000E+03       0.445043440000000E+02
      -0.112735084000000E+03       0.444991590000000E+02
      -0.112749011000000E+03       0.444912330000000E+02
      -0.112761523585071E+03       0.444887737380889E+02
      -0.112763399787663E+03       0.444884049834674E+02
      -0.112781294000000E+03       0.444848880000000E+02
      -0.112797863000000E+03       0.444661120000000E+02
      -0.112811464445788E+03       0.444555099761793E+02
      -0.112815876074540E+03       0.444520712099006E+02
      -0.112828191000000E+03       0.444424720000000E+02
      -0.112833532103413E+03       0.444289752094179E+02
      -0.112836034000000E+03       0.444226530000000E+02
      -0.112821896000000E+03       0.444074360000000E+02
      -0.112816425813648E+03       0.443985068984415E+02
      -0.112812608000000E+03       0.443922750000000E+02
      -0.112812861660789E+03       0.443865868976145E+02
      -0.112813240000000E+03       0.443781030000000E+02
      -0.112813768517028E+03       0.443775811905956E+02
      -0.112815983253643E+03       0.443753945621022E+02
      -0.112820489000000E+03       0.443709460000000E+02
      -0.112833374023090E+03       0.443642179770691E+02
      -0.112844859000000E+03       0.443582210000000E+02
      -0.112855395000000E+03       0.443599750000000E+02
      -0.112869338094354E+03       0.443707281106073E+02
      -0.112873577119363E+03       0.443739973063567E+02
      -0.112878804753174E+03       0.443780289311275E+02
      -0.112881769000000E+03       0.443803150000000E+02
      -0.112886041000000E+03       0.443958740000000E+02
      -0.112900360592730E+03       0.443991800864105E+02
      -0.112915602000000E+03       0.444026990000000E+02
      -0.112951146000000E+03       0.444166990000000E+02
      -0.112963165785431E+03       0.444236189576850E+02
      -0.112975687034112E+03       0.444308276147398E+02
      -0.112981682000000E+03       0.444342790000000E+02
      -0.113003544000000E+03       0.444508140000000E+02
      -0.113008536902588E+03       0.444631753791297E+02
      -0.113014851819722E+03       0.444788097888718E+02
      -0.113020917262971E+03       0.444938265536234E+02
      -0.113020220684391E+03       0.445018372295633E+02
      -0.113018635782956E+03       0.445200636467428E+02
      -0.113019776518542E+03       0.445285051493246E+02
      -0.113032722000000E+03       0.445371370000000E+02
      -0.113042819533009E+03       0.445467570424970E+02
      -0.113042563927262E+03       0.445571091025117E+02
      -0.113042363237006E+03       0.445652370792496E+02
      -0.113056111011819E+03       0.445741228401823E+02
      -0.113061071426182E+03       0.445773289631186E+02
      -0.113065619845555E+03       0.445823059825841E+02
      -0.113077491412559E+03       0.445952962139633E+02
      -0.113083819399691E+03       0.446022204908500E+02
      -0.113082106577829E+03       0.446042139376003E+02
      -0.113073760000000E+03       0.446139280000000E+02
      -0.113065593000000E+03       0.446173910000000E+02
      -0.113056770000000E+03       0.446186570000000E+02
      -0.113053529000000E+03       0.446211870000000E+02
      -0.113049349000000E+03       0.446293800000000E+02
      -0.113051504000000E+03       0.446369500000000E+02
      -0.113058958886078E+03       0.446435241668425E+02
      -0.113058958886078E+03       0.446435241668425E+02
      -0.113065589000000E+03       0.446493710000000E+02
      -0.113068306000000E+03       0.446563740000000E+02
      -0.113070420000000E+03       0.446678440000000E+02
      -0.113067756000000E+03       0.446728070000000E+02
      -0.113067760000000E+03       0.446794740000000E+02
      -0.113081906000000E+03       0.446913920000000E+02
      -0.113098064000000E+03       0.446974770000000E+02
      -0.113101154000000E+03       0.447085780000000E+02
      -0.113101756018984E+03       0.447210888599573E+02
      -0.113102138000000E+03       0.447290270000000E+02
      -0.113116874000000E+03       0.447381040000000E+02
      -0.113132418474233E+03       0.447507985096261E+02
      -0.113134824000000E+03       0.447527630000000E+02
      -0.113137704000000E+03       0.447601090000000E+02
      -0.113131387000000E+03       0.447647380000000E+02
      -0.113131453000000E+03       0.447728370000000E+02
      -0.113140618000000E+03       0.447766980000000E+02
      -0.113158206000000E+03       0.447808470000000E+02
      -0.113161211661641E+03       0.447798132670855E+02
      -0.113163806000000E+03       0.447789210000000E+02
      -0.113179366000000E+03       0.447871420000000E+02
      -0.113183395000000E+03       0.447935650000000E+02
      -0.113194360000000E+03       0.448021510000000E+02
      -0.113209624000000E+03       0.448090700000000E+02
      -0.113238729000000E+03       0.448141440000000E+02
      -0.113247166000000E+03       0.448229500000000E+02
      -0.113256584767893E+03       0.448198590896240E+02
      -0.113273601341688E+03       0.448142748449433E+02
      -0.113278382000000E+03       0.448127060000000E+02
      -0.113296830000000E+03       0.448033580000000E+02
      -0.113301508000000E+03       0.447989850000000E+02
      -0.113326407282516E+03       0.447902309781939E+02
      -0.113341704000000E+03       0.447848530000000E+02
      -0.113354034000000E+03       0.447917450000000E+02
      -0.113354763000000E+03       0.447954680000000E+02
      -0.113346692000000E+03       0.447988980000000E+02
      -0.113346100000000E+03       0.448006110000000E+02
      -0.113356062000000E+03       0.448197980000000E+02
      -0.113377153000000E+03       0.448348580000000E+02
      -0.113383984000000E+03       0.448374000000000E+02
      -0.113422376000000E+03       0.448425950000000E+02
      -0.113455071000000E+03       0.448654240000000E+02
      -0.113461723347472E+03       0.448809179455877E+02
      -0.113462285702566E+03       0.448822277237179E+02
      -0.113465691075733E+03       0.448901591594684E+02
      -0.113474573000000E+03       0.449108460000000E+02
      -0.113491121000000E+03       0.449275480000000E+02
      -0.113498745000000E+03       0.449423140000000E+02
      -0.113494446000000E+03       0.449485970000000E+02
      -0.113480836000000E+03       0.449503100000000E+02
      -0.113474781000000E+03       0.449487950000000E+02
      -0.113467467000000E+03       0.449480610000000E+02
      -0.113453135272041E+03       0.449523065488896E+02
      -0.113448958000000E+03       0.449535440000000E+02
      -0.113443782000000E+03       0.449598900000000E+02
      -0.113444862000000E+03       0.449761410000000E+02
      -0.113447013000000E+03       0.449846370000000E+02
      -0.113446884000000E+03       0.449985450000000E+02
      -0.113437726000000E+03       0.450069670000000E+02
      -0.113438968169432E+03       0.450098422505935E+02
      -0.113447190854309E+03       0.450288753059609E+02
      -0.113449909000000E+03       0.450351670000000E+02
      -0.113449120000000E+03       0.450460980000000E+02
      -0.113451970000000E+03       0.450592470000000E+02
      -0.113460578000000E+03       0.450648790000000E+02
      -0.113465073000000E+03       0.450627550000000E+02
      -0.113473770000000E+03       0.450617000000000E+02
      -0.113485278000000E+03       0.450635190000000E+02
      -0.113520134000000E+03       0.450930330000000E+02
      -0.113510819000000E+03       0.450999020000000E+02
      -0.113506638000000E+03       0.451072880000000E+02
      -0.113513342000000E+03       0.451152250000000E+02
      -0.113516314232425E+03       0.451152015302562E+02
      -0.113538037000000E+03       0.451150300000000E+02
      -0.113546488000000E+03       0.451122850000000E+02
      -0.113554744000000E+03       0.451129010000000E+02
      -0.113569963072549E+03       0.451247472217820E+02
      -0.113574670000000E+03       0.451284110000000E+02
      -0.113576792455989E+03       0.451324112585743E+02
      -0.113586837328921E+03       0.451513431418686E+02
      -0.113588701939288E+03       0.451548574308103E+02
      -0.113592121474565E+03       0.451613023349146E+02
      -0.113594632000000E+03       0.451660340000000E+02
      -0.113592953993441E+03       0.451699102977931E+02
      -0.113589891000000E+03       0.451769860000000E+02
      -0.113599506000000E+03       0.451911140000000E+02
      -0.113618746964095E+03       0.452023699356871E+02
      -0.113628114823428E+03       0.452078501196143E+02
      -0.113636889000000E+03       0.452129830000000E+02
      -0.113641846387059E+03       0.452201992763669E+02
      -0.113647399000000E+03       0.452282820000000E+02
      -0.113650064000000E+03       0.452347100000000E+02
      -0.113657027000000E+03       0.452414360000000E+02
      -0.113665633000000E+03       0.452462650000000E+02
      -0.113674409000000E+03       0.452494110000000E+02
      -0.113678749000000E+03       0.452492700000000E+02
      -0.113684946000000E+03       0.452537060000000E+02
      -0.113688503282415E+03       0.452594659589081E+02
      -0.113692039000000E+03       0.452651910000000E+02
      -0.113691556519502E+03       0.452709124915046E+02
      -0.113690067386102E+03       0.452732637551677E+02
      -0.113688076761013E+03       0.452764068479480E+02
      -0.113689358776924E+03       0.452835495060007E+02
      -0.113697611227775E+03       0.452909941105423E+02
      -0.113702935332044E+03       0.452957970292808E+02
      -0.113707916325179E+03       0.453002904246110E+02
      -0.113713360205595E+03       0.453052013944066E+02
      -0.113735601000000E+03       0.453252650000000E+02
      -0.113738729000000E+03       0.453297410000000E+02
      -0.113740200000000E+03       0.453455900000000E+02
      -0.113735530000000E+03       0.453647380000000E+02
      -0.113734203996167E+03       0.453733190184384E+02
      -0.113733938515159E+03       0.453750370356562E+02
      -0.113732390000000E+03       0.453850580000000E+02
      -0.113733092000000E+03       0.453901730000000E+02
      -0.113734402000000E+03       0.453923530000000E+02
      -0.113750546000000E+03       0.454027200000000E+02
      -0.113760924000000E+03       0.454065010000000E+02
      -0.113765203246900E+03       0.454106011948461E+02
      -0.113768058390048E+03       0.454181469500676E+02
      -0.113766532621650E+03       0.454212648283087E+02
      -0.113763367785878E+03       0.454277321090600E+02
      -0.113764429791928E+03       0.454309181134902E+02
      -0.113764591426559E+03       0.454314030152966E+02
      -0.113774436655735E+03       0.454421733994855E+02
      -0.113783272000000E+03       0.454518390000000E+02
      -0.113784160000000E+03       0.454549460000000E+02
      -0.113774243123088E+03       0.454655253968184E+02
      -0.113759986000000E+03       0.454807350000000E+02
      -0.113761136271629E+03       0.454883360162711E+02
      -0.113766022000000E+03       0.455206210000000E+02
      -0.113778361000000E+03       0.455234150000000E+02
      -0.113796579000000E+03       0.455234620000000E+02
      -0.113802849000000E+03       0.455231590000000E+02
      -0.113809144000000E+03       0.455199080000000E+02
      -0.113832669228110E+03       0.455206680728928E+02
      -0.113834555000000E+03       0.455207290000000E+02
      -0.113833639778636E+03       0.455235703800319E+02
      -0.113819868000000E+03       0.455663260000000E+02
      -0.113811458991353E+03       0.455741545569443E+02
      -0.113808180026386E+03       0.455772071836024E+02
      -0.113804795522715E+03       0.455803580639059E+02
      -0.113803261417753E+03       0.455841933263099E+02
      -0.113802990052801E+03       0.455916558835232E+02
      -0.113802954597950E+03       0.455926308946800E+02
      -0.113806729000000E+03       0.456021460000000E+02
      -0.113813674626384E+03       0.456065414817807E+02
      -0.113823068000000E+03       0.456124860000000E+02
      -0.113848521953850E+03       0.456199052007597E+02
      -0.113861404000000E+03       0.456236600000000E+02
      -0.113872663408945E+03       0.456206211220472E+02
      -0.113886006000000E+03       0.456170200000000E+02
      -0.113889908645322E+03       0.456180616105015E+02
      -0.113903138446385E+03       0.456215926256420E+02
      -0.113904691000000E+03       0.456220070000000E+02
      -0.113904343585784E+03       0.456244185583419E+02
      -0.113902539000000E+03       0.456369450000000E+02
      -0.113898882526844E+03       0.456441665818964E+02
      -0.113900587805641E+03       0.456482592567362E+02
      -0.113903582000000E+03       0.456511650000000E+02
      -0.113908073278886E+03       0.456532123232326E+02
      -0.113919752000000E+03       0.456585360000000E+02
      -0.113930403000000E+03       0.456718780000000E+02
      -0.113931005045652E+03       0.456735111099493E+02
      -0.113934220000000E+03       0.456822320000000E+02
      -0.113942441216222E+03       0.456862834998888E+02
      -0.113946902176341E+03       0.456884819069053E+02
      -0.113952566683444E+03       0.456912734342509E+02
      -0.113971565000000E+03       0.457006360000000E+02
      -0.113978969301593E+03       0.457025632478070E+02
      -0.113986656000000E+03       0.457045640000000E+02
      -0.113993760681899E+03       0.457024953869213E+02
      -0.114015633000000E+03       0.456961270000000E+02
      -0.114019315000000E+03       0.456929370000000E+02
      -0.114020533000000E+03       0.456812230000000E+02
      -0.114020070000000E+03       0.456703320000000E+02
      -0.114013786000000E+03       0.456582380000000E+02
      -0.114014973000000E+03       0.456540080000000E+02
      -0.114018731000000E+03       0.456486160000000E+02
      -0.114029202249411E+03       0.456486252445665E+02
      -0.114033456000000E+03       0.456486290000000E+02
      -0.114036377846877E+03       0.456468395259430E+02
      -0.114067619000000E+03       0.456277060000000E+02
      -0.114081790000000E+03       0.456113290000000E+02
      -0.114083149000000E+03       0.456039960000000E+02
      -0.114082100000000E+03       0.455969580000000E+02
      -0.114086584000000E+03       0.455911800000000E+02
      -0.114093796531538E+03       0.455886437367237E+02
      -0.114100308000000E+03       0.455863540000000E+02
      -0.114107947768777E+03       0.455856272953657E+02
      -0.114115843368893E+03       0.455848762557254E+02
      -0.114119034393100E+03       0.455845727213977E+02
      -0.114122322000000E+03       0.455842600000000E+02
      -0.114131469000000E+03       0.455744440000000E+02
      -0.114132359000000E+03       0.455725310000000E+02
      -0.114128601000000E+03       0.455689960000000E+02
      -0.114129099000000E+03       0.455654910000000E+02
      -0.114135249000000E+03       0.455574650000000E+02
      -0.114154837000000E+03       0.455529160000000E+02
      -0.114165199560822E+03       0.455523059055677E+02
      -0.114180043000000E+03       0.455514320000000E+02
      -0.114186470000000E+03       0.455455390000000E+02
      -0.114192802000000E+03       0.455365960000000E+02
      -0.114203665000000E+03       0.455355700000000E+02
      -0.114206042800397E+03       0.455366329924501E+02
      -0.114216865158141E+03       0.455414711128355E+02
      -0.114227942000000E+03       0.455464230000000E+02
      -0.114242245765684E+03       0.455460359711054E+02
      -0.114248121000000E+03       0.455458770000000E+02
      -0.114251836000000E+03       0.455378120000000E+02
      -0.114250747775091E+03       0.455364458353591E+02
      -0.114248183000000E+03       0.455332260000000E+02
      -0.114247824000000E+03       0.455242830000000E+02
      -0.114250837381932E+03       0.455180633115247E+02
      -0.114261616000000E+03       0.454958160000000E+02
      -0.114270717000000E+03       0.454861160000000E+02
      -0.114279217000000E+03       0.454806160000000E+02
      -0.114333218000000E+03       0.454593160000000E+02
      -0.114345019000000E+03       0.454599160000000E+02
      -0.114360719000000E+03       0.454741160000000E+02
      -0.114365620000000E+03       0.454904160000000E+02
      -0.114368520000000E+03       0.454927160000000E+02
      -0.114388618000000E+03       0.455029030000000E+02
      -0.114415804000000E+03       0.455097530000000E+02
      -0.114430701088402E+03       0.455266648927854E+02
      -0.114433705781851E+03       0.455300759656123E+02
      -0.114438991000000E+03       0.455360760000000E+02
      -0.114450863000000E+03       0.455425300000000E+02
      -0.114456764000000E+03       0.455439830000000E+02
      -0.114459725331351E+03       0.455575433579581E+02
      -0.114460542000000E+03       0.455612830000000E+02
      -0.114468178312715E+03       0.455624356400746E+02
      -0.114473759000000E+03       0.455632780000000E+02
      -0.114480932236293E+03       0.455609850438928E+02
      -0.114489987313210E+03       0.455580905492648E+02
      -0.114498176000000E+03       0.455554730000000E+02
      -0.114506341000000E+03       0.455592160000000E+02
      -0.114515093696307E+03       0.455660472418724E+02
      -0.114517761000000E+03       0.455681290000000E+02
      -0.114526075000000E+03       0.455707710000000E+02
      -0.114529249123465E+03       0.455693919298428E+02
      -0.114549508000000E+03       0.455605900000000E+02
      -0.114559038000000E+03       0.455657060000000E+02
      -0.114558289549686E+03       0.455842008269828E+02
      -0.114558253000000E+03       0.455851040000000E+02
      -0.114553999000000E+03       0.455912790000000E+02
      -0.114548924894825E+03       0.455962533307494E+02
      -0.114543638510583E+03       0.456014357664265E+02
      -0.114538132000000E+03       0.456068340000000E+02
      -0.114544905000000E+03       0.456166730000000E+02
      -0.114553937000000E+03       0.456192990000000E+02
      -0.114563305000000E+03       0.456316120000000E+02
      -0.114563652000000E+03       0.456374120000000E+02
      -0.114561046000000E+03       0.456399060000000E+02
      -0.114537832608894E+03       0.456497392718221E+02
      -0.114535770000000E+03       0.456506130000000E+02
      -0.114529678000000E+03       0.456523200000000E+02
      -0.114527348016169E+03       0.456513986422750E+02
      -0.114522142000000E+03       0.456493400000000E+02
      -0.114507645000000E+03       0.456589490000000E+02
      -0.114499637000000E+03       0.456690350000000E+02
      -0.114495421000000E+03       0.457033210000000E+02
      -0.114497553000000E+03       0.457106770000000E+02
      -0.114504869000000E+03       0.457221760000000E+02
      -0.114535634000000E+03       0.457390950000000E+02
      -0.114546374323785E+03       0.457513233816129E+02
      -0.114558213150720E+03       0.457648024625505E+02
      -0.114566172000000E+03       0.457738640000000E+02
      -0.114562509000000E+03       0.457799270000000E+02
      -0.114555487000000E+03       0.457862490000000E+02
      -0.114544692000000E+03       0.457914470000000E+02
      -0.114514708992365E+03       0.458267792885142E+02
      -0.114512973000000E+03       0.458288250000000E+02
      -0.114515264254320E+03       0.458312604788363E+02
      -0.114517040000000E+03       0.458331480000000E+02
      -0.114517143000000E+03       0.458359930000000E+02
      -0.114514596000000E+03       0.458407850000000E+02
      -0.114509303000000E+03       0.458455310000000E+02
      -0.114498809000000E+03       0.458506760000000E+02
      -0.114488620840717E+03       0.458509143299632E+02
      -0.114483696227362E+03       0.458510295306474E+02
      -0.114470296000000E+03       0.458513430000000E+02
      -0.114455532000000E+03       0.458550120000000E+02
      -0.114448680000000E+03       0.458588910000000E+02
      -0.114422963000000E+03       0.458553810000000E+02
      -0.114409477000000E+03       0.458516400000000E+02
      -0.114389769640872E+03       0.458801327910534E+02
      -0.114388243000000E+03       0.458823400000000E+02
      -0.114387328538217E+03       0.458881341385395E+02
      -0.114387166000000E+03       0.458891640000000E+02
      -0.114387477570120E+03       0.458896492962186E+02
      -0.114389114450307E+03       0.458921988724279E+02
      -0.114395009487525E+03       0.459013808802272E+02
      -0.114395059000000E+03       0.459014580000000E+02
      -0.114404314000000E+03       0.459034970000000E+02
      -0.114413168000000E+03       0.459114790000000E+02
      -0.114431159000000E+03       0.459357370000000E+02
      -0.114431328000000E+03       0.459380230000000E+02
      -0.114420923475037E+03       0.459491707352970E+02
      -0.114419889732102E+03       0.459562001800460E+02
      -0.114425058442772E+03       0.459727400469799E+02
      -0.114431054144586E+03       0.459803897430992E+02
      -0.114440086079421E+03       0.459875784281870E+02
      -0.114441184818141E+03       0.459884529347901E+02
      -0.114454087000540E+03       0.459916110486100E+02
      -0.114467693959175E+03       0.459949416730570E+02
      -0.114470965141876E+03       0.459957423722702E+02
      -0.114477290007844E+03       0.460008022674954E+02
      -0.114477922493215E+03       0.460090246079609E+02
      -0.114476883663806E+03       0.460109424471070E+02
      -0.114473829500593E+03       0.460165809029702E+02
      -0.114473811332175E+03       0.460166144446703E+02
      -0.114474023867437E+03       0.460170676526052E+02
      -0.114480241000000E+03       0.460303250000000E+02
      -0.114485793000000E+03       0.460300220000000E+02
      -0.114490572249663E+03       0.460324266218453E+02
      -0.114493418439961E+03       0.460371702805133E+02
      -0.114494683410703E+03       0.460425464245524E+02
      -0.114492153456962E+03       0.460472900709636E+02
      -0.114478965113109E+03       0.460557720759017E+02
      -0.114468762611867E+03       0.460623337539164E+02
      -0.114468529000000E+03       0.460624840000000E+02
      -0.114468384773595E+03       0.460628321125539E+02
      -0.114467136479269E+03       0.460658450624145E+02
      -0.114461864000000E+03       0.460785710000000E+02
      -0.114460131117501E+03       0.460962654966164E+02
      -0.114460049000000E+03       0.460971040000000E+02
      -0.114460459133640E+03       0.460975439672512E+02
      -0.114462116043568E+03       0.460993214027867E+02
      -0.114466873733003E+03       0.461044251722333E+02
      -0.114474415000000E+03       0.461125150000000E+02
      -0.114487546255098E+03       0.461130737969300E+02
      -0.114487651649494E+03       0.461130782819593E+02
      -0.114488303000000E+03       0.461131060000000E+02
      -0.114488652568647E+03       0.461132350449342E+02
      -0.114489528398058E+03       0.461135583615402E+02
      -0.114503377547765E+03       0.461186708412378E+02
      -0.114521300000000E+03       0.461252870000000E+02
      -0.114526582060485E+03       0.461443620186344E+02
      -0.114527045588632E+03       0.461460359502518E+02
      -0.114527096000000E+03       0.461462180000000E+02
      -0.114515652265625E+03       0.461660833623029E+02
      -0.114514706000000E+03       0.461677260000000E+02
      -0.114496942089586E+03       0.461676966866165E+02
      -0.114489254000000E+03       0.461676840000000E+02
      -0.114478333000000E+03       0.461608760000000E+02
      -0.114472686742962E+03       0.461621918061216E+02
      -0.114472643000000E+03       0.461622020000000E+02
      -0.114472643000000E+03       0.461622020000000E+02
      -0.114457549000000E+03       0.461702310000000E+02
      -0.114445928000000E+03       0.461739330000000E+02
      -0.114443215000000E+03       0.462029430000000E+02
      -0.114444269764610E+03       0.462109318481704E+02
      -0.114445497000000E+03       0.462202270000000E+02
      -0.114449819000000E+03       0.462371190000000E+02
      -0.114451912000000E+03       0.462412530000000E+02
      -0.114454261938934E+03       0.462423376646300E+02
      -0.114468254000000E+03       0.462487960000000E+02
      -0.114469804288941E+03       0.462617027650960E+02
      -0.114470479000000E+03       0.462673200000000E+02
      -0.114465024000000E+03       0.462731270000000E+02
      -0.114453257000000E+03       0.462709390000000E+02
      -0.114441326000000E+03       0.462738000000000E+02
      -0.114435440000000E+03       0.462766100000000E+02
      -0.114427309000000E+03       0.462836240000000E+02
      -0.114425587000000E+03       0.462878990000000E+02
      -0.114433478000000E+03       0.463055020000000E+02
      -0.114431708000000E+03       0.463107440000000E+02
      -0.114425056029746E+03       0.463200830697693E+02
      -0.114418389393316E+03       0.463294427301977E+02
      -0.114413758000000E+03       0.463359450000000E+02
      -0.114410682000000E+03       0.463606730000000E+02
      -0.114411592000000E+03       0.463666880000000E+02
      -0.114422458000000E+03       0.463870970000000E+02
      -0.114408974000000E+03       0.464004380000000E+02
      -0.114396988544749E+03       0.464060531199634E+02
      -0.114389138050762E+03       0.464097310332833E+02
      -0.114384756000000E+03       0.464117840000000E+02
      -0.114378513214811E+03       0.464351291582285E+02
      -0.114376413000000E+03       0.464429830000000E+02
      -0.114378853076957E+03       0.464573173050792E+02
      -0.114379338000000E+03       0.464601660000000E+02
      -0.114383051000000E+03       0.464664020000000E+02
      -0.114383536946510E+03       0.464665361938986E+02
      -0.114383614479229E+03       0.464665576045220E+02
      -0.114394447000000E+03       0.464695490000000E+02
      -0.114400068000000E+03       0.464771800000000E+02
      -0.114402929837067E+03       0.464980255397316E+02
      -0.114403019000000E+03       0.464986750000000E+02
      -0.114402802665297E+03       0.464989466324220E+02
      -0.114400661143941E+03       0.465016355520681E+02
      -0.114400257000000E+03       0.465021430000000E+02
      -0.114400009090657E+03       0.465021923071225E+02
      -0.114399553836743E+03       0.465022828533689E+02
      -0.114395204000000E+03       0.465031480000000E+02
      -0.114385871000000E+03       0.465043700000000E+02
      -0.114377629245659E+03       0.465024002183628E+02
      -0.114376780974374E+03       0.465021974812838E+02
      -0.114375348000000E+03       0.465018550000000E+02
      -0.114375056324912E+03       0.465019156075824E+02
      -0.114374609440667E+03       0.465020084662969E+02
      -0.114358740000000E+03       0.465053060000000E+02
      -0.114351774805981E+03       0.465080714327134E+02
      -0.114351655000000E+03       0.465081190000000E+02
      -0.114351466141179E+03       0.465083468209299E+02
      -0.114342072000000E+03       0.465196790000000E+02
      -0.114345982232062E+03       0.465250681721319E+02
      -0.114349208000000E+03       0.465295140000000E+02
      -0.114348733000000E+03       0.465337920000000E+02
      -0.114345340000000E+03       0.465484440000000E+02
      -0.114342872179116E+03       0.465550714611138E+02
      -0.114339533000000E+03       0.465640390000000E+02
      -0.114331750000000E+03       0.465719140000000E+02
      -0.114331490122285E+03       0.465756106273831E+02
      -0.114331337553082E+03       0.465777808461452E+02
      -0.114331998234546E+03       0.465790421461684E+02
      -0.114333930803144E+03       0.465827315925251E+02
      -0.114334991676716E+03       0.465881538395392E+02
      -0.114333930803144E+03       0.465921615892192E+02
      -0.114322519000000E+03       0.466110660000000E+02
      -0.114322689296984E+03       0.466248769554356E+02
      -0.114322912000000E+03       0.466429380000000E+02
      -0.114320665000000E+03       0.466469630000000E+02
      -0.114324560000000E+03       0.466535790000000E+02
      -0.114332887000000E+03       0.466607560000000E+02
      -0.114338075971669E+03       0.466623045598364E+02
      -0.114357318945566E+03       0.466680472962416E+02
      -0.114360709000000E+03       0.466690590000000E+02
      -0.114377906920938E+03       0.466669156827122E+02
      -0.114394514000000E+03       0.466648460000000E+02
      -0.114403383000000E+03       0.466596330000000E+02
      -0.114410907000000E+03       0.466574660000000E+02
      -0.114424424000000E+03       0.466606480000000E+02
      -0.114453239000000E+03       0.466492660000000E+02
      -0.114454250000000E+03       0.466409740000000E+02
      -0.114466902000000E+03       0.466316950000000E+02
      -0.114486218000000E+03       0.466328290000000E+02
      -0.114498007000000E+03       0.466376550000000E+02
      -0.114509454594812E+03       0.466392404944350E+02
      -0.114526551127727E+03       0.466416083680572E+02
      -0.114547321000000E+03       0.466444850000000E+02
      -0.114561582000000E+03       0.466420430000000E+02
      -0.114583385000000E+03       0.466332270000000E+02
      -0.114592917218343E+03       0.466328623375642E+02
      -0.114593292000000E+03       0.466328480000000E+02
      -0.114602318747272E+03       0.466357062208872E+02
      -0.114615036000000E+03       0.466397330000000E+02
      -0.114616354000000E+03       0.466436460000000E+02
      -0.114611676000000E+03       0.466477040000000E+02
      -0.114614716000000E+03       0.466552560000000E+02
      -0.114621483000000E+03       0.466581430000000E+02
      -0.114635713000000E+03       0.466593750000000E+02
      -0.114639267914260E+03       0.466663680241941E+02
      -0.114642713000000E+03       0.466731450000000E+02
      -0.114641745000000E+03       0.466792860000000E+02
      -0.114631898000000E+03       0.466839700000000E+02
      -0.114623198000000E+03       0.466915110000000E+02
      -0.114620859000000E+03       0.467074150000000E+02
      -0.114626695000000E+03       0.467128890000000E+02
      -0.114632954000000E+03       0.467154950000000E+02
      -0.114646225517317E+03       0.467295425869369E+02
      -0.114649388000000E+03       0.467328900000000E+02
      -0.114673871627656E+03       0.467368690815700E+02
      -0.114674996650285E+03       0.467370519203581E+02
      -0.114676504240026E+03       0.467372969339909E+02
      -0.114682897659647E+03       0.467383359931753E+02
      -0.114696656000000E+03       0.467405720000000E+02
      -0.114699008000000E+03       0.467402230000000E+02
      -0.114700889197439E+03       0.467365125081786E+02
      -0.114703784330057E+03       0.467308021209118E+02
      -0.114710425000000E+03       0.467177040000000E+02
      -0.114713297120675E+03       0.467153197031213E+02
      -0.114713516000000E+03       0.467151380000000E+02
      -0.114713751282541E+03       0.467151289799069E+02
      -0.114727445000000E+03       0.467146040000000E+02
      -0.114740115000000E+03       0.467117710000000E+02
      -0.114747758000000E+03       0.467026490000000E+02
      -0.114749256525550E+03       0.466996876299487E+02
      -0.114751921000000E+03       0.466972070000000E+02
      -0.114761683123262E+03       0.466970074402620E+02
      -0.114766890000000E+03       0.466969010000000E+02
      -0.114787065000000E+03       0.467112550000000E+02
      -0.114788656000000E+03       0.467140330000000E+02
      -0.114783187904319E+03       0.467239970043466E+02
      -0.114779668000000E+03       0.467304110000000E+02
      -0.114775723660694E+03       0.467313424601038E+02
      -0.114773765000000E+03       0.467318050000000E+02
      -0.114767180000000E+03       0.467388280000000E+02
      -0.114765127000000E+03       0.467453830000000E+02
      -0.114765106000000E+03       0.467581530000000E+02
      -0.114785835374470E+03       0.467752592649030E+02
      -0.114790040000000E+03       0.467787290000000E+02
      -0.114808587000000E+03       0.467823500000000E+02
      -0.114818161000000E+03       0.467811390000000E+02
      -0.114829117000000E+03       0.467825030000000E+02
      -0.114835917000000E+03       0.467911110000000E+02
      -0.114844794000000E+03       0.467943050000000E+02
      -0.114856874000000E+03       0.468016330000000E+02
      -0.114860067000000E+03       0.468049880000000E+02
      -0.114860097927547E+03       0.468051527263983E+02
      -0.114860683463612E+03       0.468082714104672E+02
      -0.114861331827415E+03       0.468117247278382E+02
      -0.114861376000000E+03       0.468119600000000E+02
      -0.114864342000000E+03       0.468138580000000E+02
      -0.114864548841272E+03       0.468138316833122E+02
      -0.114874126104545E+03       0.468126131554786E+02
      -0.114880588000000E+03       0.468117910000000E+02
      -0.114888146000000E+03       0.468085730000000E+02
      -0.114897857000000E+03       0.468131840000000E+02
      -0.114904505000000E+03       0.468228510000000E+02
      -0.114920459000000E+03       0.468276970000000E+02
      -0.114927488430301E+03       0.468355982016113E+02
      -0.114927837000000E+03       0.468359900000000E+02
      -0.114927924856771E+03       0.468370293756942E+02
      -0.114927948339044E+03       0.468373071790305E+02
      -0.114928263480338E+03       0.468410354085019E+02
      -0.114928450000000E+03       0.468432420000000E+02
      -0.114923490000000E+03       0.468475940000000E+02
      -0.114928615000000E+03       0.468548150000000E+02
      -0.114940398000000E+03       0.468560500000000E+02
      -0.114947413000000E+03       0.468593240000000E+02
      -0.114943281000000E+03       0.468679710000000E+02
      -0.114938713000000E+03       0.468690210000000E+02
      -0.114931608000000E+03       0.468767990000000E+02
      -0.114931058000000E+03       0.468821080000000E+02
      -0.114933372355608E+03       0.468882573318494E+02
      -0.114936805000000E+03       0.468973780000000E+02
      -0.114935035000000E+03       0.469017490000000E+02
      -0.114927948000000E+03       0.469099480000000E+02
      -0.114927431556905E+03       0.469141852328947E+02
      -0.114929997254371E+03       0.469196245043637E+02
      -0.114930147098936E+03       0.469196753613251E+02
      -0.114940793143821E+03       0.469232886087693E+02
      -0.114949357190986E+03       0.469261952301362E+02
      -0.114959957258080E+03       0.469297928728054E+02
      -0.114960597000000E+03       0.469300100000000E+02
      -0.114971405466616E+03       0.469392131539231E+02
      -0.114986539000000E+03       0.469520990000000E+02
      -0.114999251412108E+03       0.469659021089369E+02
      -0.115000910000000E+03       0.469677030000000E+02
      -0.115001274000000E+03       0.469719010000000E+02
      -0.115028386000000E+03       0.469756590000000E+02
      -0.115028994000000E+03       0.469731590000000E+02
      -0.115031651000000E+03       0.469715480000000E+02
      -0.115047857000000E+03       0.469695330000000E+02
      -0.115049538000000E+03       0.469707740000000E+02
      -0.115051533895976E+03       0.469749938943498E+02
      -0.115057098000000E+03       0.469867580000000E+02
      -0.115066223000000E+03       0.469963750000000E+02
      -0.115067475997165E+03       0.470027777133998E+02
      -0.115069813099207E+03       0.470147201143749E+02
      -0.115071254000000E+03       0.470220830000000E+02
      -0.115073520192981E+03       0.470252917058180E+02
      -0.115081007737731E+03       0.470358933309241E+02
      -0.115082758473571E+03       0.470383722002550E+02
      -0.115087806000000E+03       0.470455190000000E+02
      -0.115098136000000E+03       0.470488970000000E+02
      -0.115102681000000E+03       0.470472390000000E+02
      -0.115107132000000E+03       0.470490410000000E+02
      -0.115120917000000E+03       0.470612370000000E+02
      -0.115126053366845E+03       0.470667923227545E+02
      -0.115128118236933E+03       0.470690256172461E+02
      -0.115136671000000E+03       0.470782760000000E+02
      -0.115139515000000E+03       0.470845600000000E+02
      -0.115140375000000E+03       0.470930130000000E+02
      -0.115170436000000E+03       0.471062650000000E+02
      -0.115172938000000E+03       0.471128810000000E+02
      -0.115189451000000E+03       0.471310320000000E+02
      -0.115200547000000E+03       0.471391540000000E+02
      -0.115215832819208E+03       0.471457669232397E+02
      -0.115223246000000E+03       0.471489740000000E+02
      -0.115229622376257E+03       0.471494018756953E+02
      -0.115243707000000E+03       0.471503470000000E+02
      -0.115247739374692E+03       0.471547636118122E+02
      -0.115253844495573E+03       0.471614504777550E+02
      -0.115255146000000E+03       0.471628760000000E+02
      -0.115255786000000E+03       0.471747250000000E+02
      -0.115261885000000E+03       0.471817420000000E+02
      -0.115286353000000E+03       0.471832700000000E+02
      -0.115287418018237E+03       0.471836364457491E+02
      -0.115297922624012E+03       0.471872508140282E+02
      -0.115300504000000E+03       0.471881390000000E+02
      -0.115300805000000E+03       0.471939300000000E+02
      -0.115295986000000E+03       0.472056580000000E+02
      -0.115292110000000E+03       0.472098610000000E+02
      -0.115294785000000E+03       0.472209140000000E+02
      -0.115298794000000E+03       0.472252450000000E+02
      -0.115307239000000E+03       0.472298920000000E+02
      -0.115311875000000E+03       0.472296730000000E+02
      -0.115317124000000E+03       0.472333050000000E+02
      -0.115324102288632E+03       0.472437488943507E+02
      -0.115324832000000E+03       0.472448410000000E+02
      -0.115326903417685E+03       0.472559118211003E+02
      -0.115339201000000E+03       0.472616230000000E+02
      -0.115350068796857E+03       0.472604539778195E+02
      -0.115359300000000E+03       0.472594610000000E+02
      -0.115366280000000E+03       0.472614850000000E+02
      -0.115371825000000E+03       0.472652130000000E+02
      -0.115378725075585E+03       0.472650381010177E+02
      -0.115404179674092E+03       0.472643928931040E+02
      -0.115410685000000E+03       0.472642280000000E+02
      -0.115421645000000E+03       0.472717360000000E+02
      -0.115423173363593E+03       0.472762219496839E+02
      -0.115428358574075E+03       0.472787219639308E+02
      -0.115443566000000E+03       0.472773090000000E+02
      -0.115457077000000E+03       0.472777940000000E+02
      -0.115470959000000E+03       0.472848730000000E+02
      -0.115487314000000E+03       0.472865180000000E+02
      -0.115496230456576E+03       0.472896786815231E+02
      -0.115511860000000E+03       0.472952190000000E+02
      -0.115526751170743E+03       0.473032185418675E+02
      -0.115528222045351E+03       0.473062907015202E+02
      -0.115531971000000E+03       0.473141210000000E+02
      -0.115537613889746E+03       0.473202389888913E+02
      -0.115548658226697E+03       0.473322131960478E+02
      -0.115548731760194E+03       0.473327491144962E+02
      -0.115549443434458E+03       0.473379358577150E+02
      -0.115551079000000E+03       0.473498560000000E+02
      -0.115556318000000E+03       0.473530760000000E+02
      -0.115564766369296E+03       0.473534759345388E+02
      -0.115570887463233E+03       0.473563754037027E+02
      -0.115576197199640E+03       0.473636762848303E+02
      -0.115578619372680E+03       0.473670067698267E+02
      -0.115582385355061E+03       0.473686892082955E+02
      -0.115600570090949E+03       0.473768131706781E+02
      -0.115602184102252E+03       0.473775342241590E+02
      -0.115609492000000E+03       0.473807990000000E+02
      -0.115617247000000E+03       0.473825210000000E+02
      -0.115633813772584E+03       0.473795636352363E+02
      -0.115639185972744E+03       0.473786046339960E+02
      -0.115639352786183E+03       0.473787088925470E+02
      -0.115644340574879E+03       0.473818262650130E+02
      -0.115648479000000E+03       0.473902930000000E+02
      -0.115657681000000E+03       0.474006510000000E+02
      -0.115690570000000E+03       0.474150590000000E+02
      -0.115710339531073E+03       0.474177843775872E+02
      -0.115718933824819E+03       0.474209674487168E+02
      -0.115720760179141E+03       0.474234786803790E+02
      -0.115721480285424E+03       0.474244688243378E+02
      -0.115723065426768E+03       0.474254336932147E+02
      -0.115728801342699E+03       0.474289251211435E+02
      -0.115731347797136E+03       0.474333814179492E+02
      -0.115728801342699E+03       0.474451587781987E+02
      -0.115722989380578E+03       0.474495648126963E+02
      -0.115718247000000E+03       0.474531600000000E+02
      -0.115692930000000E+03       0.474572370000000E+02
      -0.115679649231369E+03       0.474554977702520E+02
      -0.115671187784091E+03       0.474543896716752E+02
      -0.115663866726815E+03       0.474569361322799E+02
      -0.115657728599676E+03       0.474640972819310E+02
      -0.115654317521137E+03       0.474680768742941E+02
      -0.115653044297003E+03       0.474760345498050E+02
      -0.115655272433069E+03       0.474779443860060E+02
      -0.115656181962234E+03       0.474781657992783E+02
      -0.115660962233845E+03       0.474793294954196E+02
      -0.115682404094490E+03       0.474845492428578E+02
      -0.115686704000000E+03       0.474855960000000E+02
      -0.115694105892523E+03       0.474986343398669E+02
      -0.115698885346405E+03       0.475032059957838E+02
      -0.115703553058093E+03       0.475076707677598E+02
      -0.115708747994737E+03       0.475126398423509E+02
      -0.115708910722974E+03       0.475143647593926E+02
      -0.115709804698433E+03       0.475238408867851E+02
      -0.115710339531073E+03       0.475295101053048E+02
      -0.115717023988618E+03       0.475326931779765E+02
      -0.115720186022931E+03       0.475334661626014E+02
      -0.115722572204934E+03       0.475340494839125E+02
      -0.115741371000000E+03       0.475386450000000E+02
      -0.115747263148157E+03       0.475431973202604E+02
      -0.115748536372291E+03       0.475492451534020E+02
      -0.115746944842124E+03       0.475552929742068E+02
      -0.115734674000000E+03       0.475674010000000E+02
      -0.115721207000000E+03       0.475763230000000E+02
      -0.115706473000000E+03       0.475772990000000E+02
      -0.115689404000000E+03       0.475954020000000E+02
      -0.115693102585831E+03       0.476166673527133E+02
      -0.115694284000000E+03       0.476234600000000E+02
      -0.115708537000000E+03       0.476353560000000E+02
      -0.115715193000000E+03       0.476363400000000E+02
      -0.115729930000000E+03       0.476424420000000E+02
      -0.115736270000000E+03       0.476547620000000E+02
      -0.115731008011040E+03       0.476642054638774E+02
      -0.115726613000000E+03       0.476720930000000E+02
      -0.115726306075378E+03       0.476747463919652E+02
      -0.115724483187138E+03       0.476905054307166E+02
      -0.115723770000000E+03       0.476966710000000E+02
      -0.115730764000000E+03       0.477044260000000E+02
      -0.115752349000000E+03       0.477167430000000E+02
      -0.115758623000000E+03       0.477190410000000E+02
      -0.115763424000000E+03       0.477173130000000E+02
      -0.115771770000000E+03       0.477174120000000E+02
      -0.115776219000000E+03       0.477198180000000E+02
      -0.115783504000000E+03       0.477293050000000E+02
      -0.115782470375700E+03       0.477340772869264E+02
      -0.115780441000000E+03       0.477434470000000E+02
      -0.115786964578207E+03       0.477488928604884E+02
      -0.115797299000000E+03       0.477575200000000E+02
      -0.115803917000000E+03       0.477584800000000E+02
      -0.115811678684021E+03       0.477561057053620E+02
      -0.115824597000000E+03       0.477521540000000E+02
      -0.115831755000000E+03       0.477557850000000E+02
      -0.115835365000000E+03       0.477609570000000E+02
      -0.115835069000000E+03       0.477700600000000E+02
      -0.115837438000000E+03       0.477748460000000E+02
      -0.115840440000000E+03       0.477801720000000E+02
      -0.115847487000000E+03       0.477852270000000E+02
      -0.115848509000000E+03       0.478093310000000E+02
      -0.115845474000000E+03       0.478149670000000E+02
      -0.115852291000000E+03       0.478279910000000E+02
      -0.115870861000000E+03       0.478349390000000E+02
      -0.115874447104614E+03       0.478417290499323E+02
      -0.115875262000000E+03       0.478432720000000E+02
      -0.115881522000000E+03       0.478496720000000E+02
      -0.115900934000000E+03       0.478430640000000E+02
      -0.115905475307528E+03       0.478457157918113E+02
      -0.115906409000000E+03       0.478462610000000E+02
      -0.115915842844366E+03       0.478544227912949E+02
      -0.115919291000000E+03       0.478574060000000E+02
      -0.115925577034197E+03       0.478652239172291E+02
      -0.115936063025725E+03       0.478782653056880E+02
      -0.115939601945419E+03       0.478826666468795E+02
      -0.115939993000000E+03       0.478831530000000E+02
      -0.115941670857566E+03       0.478844134323691E+02
      -0.115943275604027E+03       0.478856189425531E+02
      -0.115952661019436E+03       0.478926694107316E+02
      -0.115955551841569E+03       0.478948410407099E+02
      -0.115959946000000E+03       0.478981420000000E+02
      -0.115965153000000E+03       0.479101310000000E+02
      -0.115969076000000E+03       0.479142560000000E+02
      -0.115982791000000E+03       0.479159940000000E+02
      -0.115993678000000E+03       0.479261830000000E+02
      -0.115995121000000E+03       0.479338270000000E+02
      -0.115998236000000E+03       0.479387790000000E+02
      -0.116007246000000E+03       0.479500870000000E+02
      -0.116010212685441E+03       0.479530230151765E+02
      -0.116017111766754E+03       0.479598507722288E+02
      -0.116021117812947E+03       0.479638154030112E+02
      -0.116030751000000E+03       0.479733490000000E+02
      -0.116038340000000E+03       0.479713180000000E+02
      -0.116040647517595E+03       0.479725773950807E+02
      -0.116044617766564E+03       0.479747442743412E+02
      -0.116048421000000E+03       0.479768200000000E+02
      -0.116048421000000E+03       0.479768200000000E+02
      -0.116048850000000E+03       0.479771860000000E+02
      -0.116049153000000E+03       0.479999230000000E+02
      -0.116048739000000E+03       0.480600930000000E+02
      -0.116049320000000E+03       0.480666440000000E+02
      -0.116049415000000E+03       0.480772200000000E+02
      -0.116049289454172E+03       0.480891045068197E+02
      -0.116048911000000E+03       0.481249300000000E+02
      -0.116049764035355E+03       0.482150940765004E+02
      -0.116049977000000E+03       0.482376040000000E+02
      -0.116049353000000E+03       0.482499360000000E+02
      -0.116049735000000E+03       0.482746680000000E+02
      -0.116048948000000E+03       0.483098470000000E+02
      -0.116049837492180E+03       0.483972322293673E+02
      -0.116050003000000E+03       0.484134920000000E+02
      -0.116049730961406E+03       0.484352278195293E+02
      -0.116049664282716E+03       0.484405554311050E+02
      -0.116049155000000E+03       0.484812470000000E+02
      -0.116049159351655E+03       0.485407576052089E+02
      -0.116049193000000E+03       0.490009120000000E+02
      -0.116049193000000E+03       0.490009120000000E+02
      -0.116001030000000E+03       0.490012700000000E+02
      -0.115990685000000E+03       0.490009090000000E+02
      -0.115648322579002E+03       0.490007586782102E+02
      -0.115501016000000E+03       0.490006940000000E+02
      -0.115451505710794E+03       0.490004463674737E+02
      -0.115412270633422E+03       0.490002501278338E+02
      -0.115207912000000E+03       0.489992280000000E+02
      -0.115056132269933E+03       0.489996569529935E+02
      -0.114901740783586E+03       0.490000932872143E+02
      -0.114728154221249E+03       0.490005838696888E+02
      -0.114678217000000E+03       0.490007250000000E+02
      -0.114678217000000E+03       0.490007250000000E+02
      -0.114674398000000E+03       0.490006790000000E+02
END
END
