         1      -0.116364484560640E+03       0.405787351358025E+02
      -0.117026222000000E+03       0.420002520000000E+02
      -0.117018294000000E+03       0.419993580000000E+02
      -0.117009255000000E+03       0.419981270000000E+02
      -0.116969156000000E+03       0.419989910000000E+02
      -0.116626770000000E+03       0.419977500000000E+02
      -0.116626770000000E+03       0.419977500000000E+02
      -0.116625947000000E+03       0.419973790000000E+02
      -0.116586937000000E+03       0.419973700000000E+02
      -0.116586937000000E+03       0.419973700000000E+02
      -0.116582217000000E+03       0.419978340000000E+02
      -0.116525319000000E+03       0.419975580000000E+02
      -0.116510452000000E+03       0.419970960000000E+02
      -0.116510452000000E+03       0.419970960000000E+02
      -0.116501741000000E+03       0.419973340000000E+02
      -0.116499777000000E+03       0.419967400000000E+02
      -0.116485823000000E+03       0.419968610000000E+02
      -0.116485823000000E+03       0.419968610000000E+02
      -0.116483094000000E+03       0.419968850000000E+02
      -0.116483094000000E+03       0.419968850000000E+02
      -0.116463528000000E+03       0.419965470000000E+02
      -0.116463528000000E+03       0.419965470000000E+02
      -0.116378179124060E+03       0.419963081488585E+02
      -0.116368478000000E+03       0.419962810000000E+02
      -0.116332763000000E+03       0.419972830000000E+02
      -0.116163931000000E+03       0.419975550000000E+02
      -0.116163931000000E+03       0.419975550000000E+02
      -0.116160833000000E+03       0.419975080000000E+02
      -0.116160833000000E+03       0.419975080000000E+02
      -0.116038602000000E+03       0.419974600000000E+02
      -0.116038602000000E+03       0.419974600000000E+02
      -0.116038570000000E+03       0.419974130000000E+02
      -0.116038570000000E+03       0.419974130000000E+02
      -0.116030754000000E+03       0.419973990000000E+02
      -0.116030754000000E+03       0.419973990000000E+02
      -0.116030758000000E+03       0.419973830000000E+02
      -0.116030758000000E+03       0.419973830000000E+02
      -0.116018960000000E+03       0.419977620000000E+02
      -0.116018960000000E+03       0.419977620000000E+02
      -0.116018945000000E+03       0.419977220000000E+02
      -0.116018945000000E+03       0.419977220000000E+02
      -0.116012219000000E+03       0.419980480000000E+02
      -0.116012219000000E+03       0.419980480000000E+02
      -0.116012212000000E+03       0.419980350000000E+02
      -0.116012212000000E+03       0.419980350000000E+02
      -0.115986880000000E+03       0.419985340000000E+02
      -0.115986880000000E+03       0.419985340000000E+02
      -0.115887612000000E+03       0.419980480000000E+02
      -0.115879596000000E+03       0.419978910000000E+02
      -0.115870181000000E+03       0.419967660000000E+02
      -0.115731868494818E+03       0.419971334864630E+02
      -0.115625914000000E+03       0.419974150000000E+02
      -0.115618055163222E+03       0.419973081769530E+02
      -0.115586849000000E+03       0.419968840000000E+02
      -0.115363476390666E+03       0.419962449087823E+02
      -0.115352238730325E+03       0.419962127567200E+02
      -0.115340001300461E+03       0.419961777442179E+02
      -0.115313877000000E+03       0.419961030000000E+02
      -0.115311257212783E+03       0.419961301904558E+02
      -0.115254933417774E+03       0.419967147683363E+02
      -0.115254333000000E+03       0.419967210000000E+02
      -0.115250795000000E+03       0.419961560000000E+02
      -0.115242038141217E+03       0.419961500824471E+02
      -0.115038209307204E+03       0.419960123426546E+02
      -0.115031783000000E+03       0.419960080000000E+02
      -0.114988972014092E+03       0.419974281644276E+02
      -0.114972929285818E+03       0.419979603482008E+02
      -0.114914187000000E+03       0.419999090000000E+02
      -0.114899210000000E+03       0.419999090000000E+02
      -0.114875877000000E+03       0.420013190000000E+02
      -0.114851749937807E+03       0.420017972328399E+02
      -0.114843907491719E+03       0.420019526813249E+02
      -0.114831077000000E+03       0.420022070000000E+02
      -0.114808315088923E+03       0.420018521085018E+02
      -0.114806679706444E+03       0.420018266104961E+02
      -0.114806384000000E+03       0.420018220000000E+02
      -0.114720715000000E+03       0.419982310000000E+02
      -0.114669172475796E+03       0.419966651255877E+02
      -0.114598267000000E+03       0.419945110000000E+02
      -0.114498259000000E+03       0.419945990000000E+02
      -0.114498259000000E+03       0.419945990000000E+02
      -0.114498243000000E+03       0.419946360000000E+02
      -0.114498243000000E+03       0.419946360000000E+02
      -0.114467581000000E+03       0.419954920000000E+02
      -0.114397491454925E+03       0.419950097065214E+02
      -0.114281855000000E+03       0.419942140000000E+02
      -0.114107428000000E+03       0.419939650000000E+02
      -0.114107428000000E+03       0.419939650000000E+02
      -0.114107259000000E+03       0.419938310000000E+02
      -0.114107259000000E+03       0.419938310000000E+02
      -0.114061763000000E+03       0.419939390000000E+02
      -0.114061763000000E+03       0.419939390000000E+02
      -0.114061774000000E+03       0.419937970000000E+02
      -0.114061774000000E+03       0.419937970000000E+02
      -0.114048257000000E+03       0.419938140000000E+02
      -0.114048257000000E+03       0.419938140000000E+02
      -0.114048246000000E+03       0.419937210000000E+02
      -0.114048246000000E+03       0.419937210000000E+02
      -0.114041723000000E+03       0.419937200000000E+02
      -0.114041723000000E+03       0.419937200000000E+02
      -0.114039648000000E+03       0.418848160000000E+02
      -0.114041107000000E+03       0.418505730000000E+02
      -0.114041107000000E+03       0.418505730000000E+02
      -0.114041152000000E+03       0.418505950000000E+02
      -0.114041152000000E+03       0.418505950000000E+02
      -0.114039901000000E+03       0.417537810000000E+02
      -0.114039902294027E+03       0.417512921995044E+02
      -0.114039968000000E+03       0.416249200000000E+02
      -0.114040437000000E+03       0.416153770000000E+02
      -0.114040440586338E+03       0.416145570708313E+02
      -0.114040440625878E+03       0.416145480309896E+02
      -0.114040447064909E+03       0.416130759027185E+02
      -0.114040794152647E+03       0.415337227109328E+02
      -0.114040942000000E+03       0.414999210000000E+02
      -0.114040231000000E+03       0.414916900000000E+02
      -0.114041396000000E+03       0.412199580000000E+02
      -0.114042553000000E+03       0.412109230000000E+02
      -0.114041447000000E+03       0.412077520000000E+02
      -0.114041753225500E+03       0.411165748927628E+02
      -0.114042145000000E+03       0.409999260000000E+02
      -0.114042145000000E+03       0.409999260000000E+02
      -0.114042406516866E+03       0.409420293112675E+02
      -0.114043176000000E+03       0.407716750000000E+02
      -0.114043803000000E+03       0.407592050000000E+02
      -0.114043803000000E+03       0.407592050000000E+02
      -0.114043831000000E+03       0.407586660000000E+02
      -0.114043831000000E+03       0.407586660000000E+02
      -0.114043799532627E+03       0.407555410774895E+02
      -0.114043600280641E+03       0.407357540106865E+02
      -0.114043505000000E+03       0.407262920000000E+02
      -0.114043505000000E+03       0.407262920000000E+02
      -0.114043507085428E+03       0.407260340151613E+02
      -0.114045281000000E+03       0.405065860000000E+02
      -0.114045281000000E+03       0.405065860000000E+02
      -0.114045577000000E+03       0.404958010000000E+02
      -0.114045577000000E+03       0.404958010000000E+02
      -0.114045518000000E+03       0.404944740000000E+02
      -0.114045518000000E+03       0.404944740000000E+02
      -0.114045218000000E+03       0.404302820000000E+02
      -0.114045220574257E+03       0.404302588867325E+02
      -0.114045826000000E+03       0.404248230000000E+02
      -0.114046178000000E+03       0.403983130000000E+02
      -0.114046153000000E+03       0.402319710000000E+02
      -0.114046682540524E+03       0.401169310228828E+02
      -0.114046686764975E+03       0.401160132825661E+02
      -0.114046741000000E+03       0.401042310000000E+02
      -0.114046386000000E+03       0.400978960000000E+02
      -0.114046835000000E+03       0.400301310000000E+02
      -0.114046606747849E+03       0.400030407303620E+02
      -0.114046555000000E+03       0.399968990000000E+02
      -0.114046658938601E+03       0.399805879997018E+02
      -0.114047134000000E+03       0.399060370000000E+02
      -0.114047134000000E+03       0.399060370000000E+02
      -0.114047214000000E+03       0.398210240000000E+02
      -0.114047576822698E+03       0.398038941775889E+02
      -0.114047783000000E+03       0.397941600000000E+02
      -0.114047656413615E+03       0.397855354958693E+02
      -0.114047566416635E+03       0.397794038780819E+02
      -0.114047273000000E+03       0.397594130000000E+02
      -0.114047728000000E+03       0.395427420000000E+02
      -0.114047728000000E+03       0.395427420000000E+02
      -0.114047079000000E+03       0.394999430000000E+02
      -0.114047088367477E+03       0.394976557904322E+02
      -0.114047766832492E+03       0.393319984220949E+02
      -0.114049104000000E+03       0.390055090000000E+02
      -0.114048054000000E+03       0.388786930000000E+02
      -0.114048521000000E+03       0.388761970000000E+02
      -0.114049465000000E+03       0.388749490000000E+02
      -0.114049168000000E+03       0.387499510000000E+02
      -0.114049749000000E+03       0.387292100000000E+02
      -0.114049883347601E+03       0.386773650947539E+02
      -0.114050154000000E+03       0.385729200000000E+02
      -0.114050154000000E+03       0.385729200000000E+02
      -0.114049862000000E+03       0.385477640000000E+02
      -0.114049862000000E+03       0.385477640000000E+02
      -0.114049834000000E+03       0.385437840000000E+02
      -0.114049834000000E+03       0.385437840000000E+02
      -0.114050485000000E+03       0.384999550000000E+02
      -0.114050091000000E+03       0.384046730000000E+02
      -0.114050091000000E+03       0.384046730000000E+02
      -0.114050120000000E+03       0.384045360000000E+02
      -0.114050120000000E+03       0.384045360000000E+02
      -0.114049417000000E+03       0.382647000000000E+02
      -0.114050138000000E+03       0.382499600000000E+02
      -0.114049903000000E+03       0.381486010000000E+02
      -0.114049903000000E+03       0.381486010000000E+02
      -0.114050423000000E+03       0.379999610000000E+02
      -0.114050048843674E+03       0.379419579657984E+02
      -0.114050045258832E+03       0.379414022309263E+02
      -0.114049658000000E+03       0.378813680000000E+02
      -0.114049807531509E+03       0.378653847431418E+02
      -0.114049928000000E+03       0.378525080000000E+02
      -0.114049677000000E+03       0.378236450000000E+02
      -0.114048473000000E+03       0.378098610000000E+02
      -0.114049919000000E+03       0.377655860000000E+02
      -0.114051109000000E+03       0.377562760000000E+02
      -0.114051109000000E+03       0.377562760000000E+02
      -0.114051670000000E+03       0.377469580000000E+02
      -0.114051670000000E+03       0.377469580000000E+02
      -0.114051785000000E+03       0.377462490000000E+02
      -0.114051785000000E+03       0.377462490000000E+02
      -0.114051728000000E+03       0.377459970000000E+02
      -0.114051728000000E+03       0.377459970000000E+02
      -0.114051843881902E+03       0.377240010885591E+02
      -0.114052472000000E+03       0.376047760000000E+02
      -0.114052472000000E+03       0.376047760000000E+02
      -0.114052962000000E+03       0.375927830000000E+02
      -0.114052689000000E+03       0.375178590000000E+02
      -0.114052689000000E+03       0.375178590000000E+02
      -0.114052718000000E+03       0.375172640000000E+02
      -0.114052718000000E+03       0.375172640000000E+02
      -0.114052685000000E+03       0.375025130000000E+02
      -0.114052685000000E+03       0.375025130000000E+02
      -0.114052701000000E+03       0.374920140000000E+02
      -0.114052701000000E+03       0.374920140000000E+02
      -0.114052618365357E+03       0.374722293720376E+02
      -0.114052448000000E+03       0.374314400000000E+02
      -0.114051765000000E+03       0.374180830000000E+02
      -0.114051927000000E+03       0.373707340000000E+02
      -0.114051927000000E+03       0.373707340000000E+02
      -0.114051927000000E+03       0.373704590000000E+02
      -0.114051927000000E+03       0.373704590000000E+02
      -0.114051800000000E+03       0.372935480000000E+02
      -0.114051800000000E+03       0.372935480000000E+02
      -0.114051800000000E+03       0.372930440000000E+02
      -0.114051800000000E+03       0.372930440000000E+02
      -0.114051974000000E+03       0.372845110000000E+02
      -0.114051974000000E+03       0.372845110000000E+02
      -0.114051974000000E+03       0.372838480000000E+02
      -0.114051974000000E+03       0.372838480000000E+02
      -0.114051405000000E+03       0.372338540000000E+02
      -0.114051673000000E+03       0.371723680000000E+02
      -0.114052179000000E+03       0.371471100000000E+02
      -0.114051867000000E+03       0.371342920000000E+02
      -0.114052827000000E+03       0.371039610000000E+02
      -0.114051822000000E+03       0.370909760000000E+02
      -0.114051822000000E+03       0.370909760000000E+02
      -0.114051749000000E+03       0.370884340000000E+02
      -0.114051749000000E+03       0.370884340000000E+02
      -0.114050600000000E+03       0.370003960000000E+02
      -0.114050600000000E+03       0.370003960000000E+02
      -0.114049995000000E+03       0.369577690000000E+02
      -0.114050619000000E+03       0.368431280000000E+02
      -0.114050611825687E+03       0.368196077074414E+02
      -0.114050611235643E+03       0.368176733059041E+02
      -0.114050608182773E+03       0.368076647636428E+02
      -0.114050605881984E+03       0.368001218498381E+02
      -0.114050605790721E+03       0.367998226528743E+02
      -0.114050569922232E+03       0.366822312742181E+02
      -0.114050562000000E+03       0.366562590000000E+02
      -0.114050542182882E+03       0.366546896347784E+02
      -0.114050167000000E+03       0.366249780000000E+02
      -0.114049660000000E+03       0.366211130000000E+02
      -0.114048476000000E+03       0.364999800000000E+02
      -0.114046488000000E+03       0.364734490000000E+02
      -0.114046365590360E+03       0.364677880649730E+02
      -0.114045932061269E+03       0.364477391536157E+02
      -0.114045829000000E+03       0.364429730000000E+02
      -0.114045806000000E+03       0.363910710000000E+02
      -0.114047584000000E+03       0.363255730000000E+02
      -0.114046935000000E+03       0.363154490000000E+02
      -0.114048515000000E+03       0.362895980000000E+02
      -0.114048226000000E+03       0.362688740000000E+02
      -0.114047106000000E+03       0.362505910000000E+02
      -0.114046743000000E+03       0.362452460000000E+02
      -0.114046838000000E+03       0.361940690000000E+02
      -0.114046838000000E+03       0.361940690000000E+02
      -0.114060302000000E+03       0.361893630000000E+02
      -0.114068027000000E+03       0.361806630000000E+02
      -0.114074744459492E+03       0.361690166643906E+02
      -0.114088954000000E+03       0.361443810000000E+02
      -0.114099870000000E+03       0.361216540000000E+02
      -0.114103222000000E+03       0.361201760000000E+02
      -0.114111011000000E+03       0.361198750000000E+02
      -0.114120862000000E+03       0.361145960000000E+02
      -0.114123144000000E+03       0.361115760000000E+02
      -0.114123975000000E+03       0.361065150000000E+02
      -0.114123221000000E+03       0.361047460000000E+02
      -0.114119350358579E+03       0.361021577352665E+02
      -0.114117459000000E+03       0.361008930000000E+02
      -0.114114165000000E+03       0.360969820000000E+02
      -0.114114531000000E+03       0.360952170000000E+02
      -0.114127911612263E+03       0.360738283620215E+02
      -0.114136896000000E+03       0.360594670000000E+02
      -0.114138203000000E+03       0.360531610000000E+02
      -0.114137188000000E+03       0.360467850000000E+02
      -0.114138202000000E+03       0.360412840000000E+02
      -0.114140326460181E+03       0.360384615241709E+02
      -0.114148191000000E+03       0.360280130000000E+02
      -0.114151725000000E+03       0.360245630000000E+02
      -0.114154130000000E+03       0.360238620000000E+02
      -0.114166465000000E+03       0.360277380000000E+02
      -0.114176051809758E+03       0.360276574852352E+02
      -0.114176824000000E+03       0.360276510000000E+02
      -0.114177375417345E+03       0.360274149922422E+02
      -0.114192380000000E+03       0.360209930000000E+02
      -0.114213690000000E+03       0.360156130000000E+02
      -0.114233289000000E+03       0.360142890000000E+02
      -0.114235724866105E+03       0.360144092460219E+02
      -0.114237959468924E+03       0.360145195567237E+02
      -0.114238799000000E+03       0.360145610000000E+02
      -0.114240346744119E+03       0.360151902878196E+02
      -0.114250222260189E+03       0.360192055135278E+02
      -0.114252651000000E+03       0.360201930000000E+02
      -0.114263146000000E+03       0.360259370000000E+02
      -0.114266721000000E+03       0.360292380000000E+02
      -0.114270645000000E+03       0.360357200000000E+02
      -0.114280202000000E+03       0.360463620000000E+02
      -0.114314028000000E+03       0.360581650000000E+02
      -0.114315557000000E+03       0.360594940000000E+02
      -0.114316109000000E+03       0.360631090000000E+02
      -0.114314206000000E+03       0.360666190000000E+02
      -0.114307879000000E+03       0.360712910000000E+02
      -0.114305738000000E+03       0.360748820000000E+02
      -0.114308430000000E+03       0.360824430000000E+02
      -0.114328777000000E+03       0.361055010000000E+02
      -0.114332566226349E+03       0.361066244770683E+02
      -0.114337273000000E+03       0.361080200000000E+02
      -0.114359420765662E+03       0.361270731134701E+02
      -0.114363109000000E+03       0.361302460000000E+02
      -0.114372106000000E+03       0.361431140000000E+02
      -0.114375804979702E+03       0.361435858917735E+02
      -0.114377880175105E+03       0.361438506317067E+02
      -0.114405475000000E+03       0.361473710000000E+02
      -0.114412373000000E+03       0.361472540000000E+02
      -0.114416950000000E+03       0.361457610000000E+02
      -0.114427169000000E+03       0.361363050000000E+02
      -0.114446605000000E+03       0.361259700000000E+02
      -0.114448654000000E+03       0.361264100000000E+02
      -0.114453325000000E+03       0.361307260000000E+02
      -0.114458369000000E+03       0.361385860000000E+02
      -0.114463637000000E+03       0.361396950000000E+02
      -0.114470152000000E+03       0.361388010000000E+02
      -0.114487034000000E+03       0.361293960000000E+02
      -0.114496119787464E+03       0.361278500603874E+02
      -0.114497063286275E+03       0.361279974822909E+02
      -0.114502172149234E+03       0.361287957432883E+02
      -0.114504441786730E+03       0.361297414261892E+02
      -0.114505765741325E+03       0.361314436524787E+02
      -0.114506144013019E+03       0.361346589728758E+02
      -0.114505387462300E+03       0.361374960142482E+02
      -0.114505169693405E+03       0.361393833624953E+02
      -0.114504820058424E+03       0.361424135609347E+02
      -0.114504630926242E+03       0.361456288813318E+02
      -0.114506591932345E+03       0.361481247185870E+02
      -0.114506711416895E+03       0.361482767905222E+02
      -0.114511721000000E+03       0.361509560000000E+02
      -0.114539516625161E+03       0.361520101255051E+02
      -0.114545789000000E+03       0.361522480000000E+02
      -0.114554564847877E+03       0.361520346400829E+02
      -0.114560042106090E+03       0.361519014760428E+02
      -0.114572031000000E+03       0.361516100000000E+02
      -0.114577890698318E+03       0.361493976910405E+02
      -0.114597212000000E+03       0.361421030000000E+02
      -0.114608264000000E+03       0.361339490000000E+02
      -0.114616694000000E+03       0.361301010000000E+02
      -0.114621883000000E+03       0.361321300000000E+02
      -0.114627855000000E+03       0.361410120000000E+02
      -0.114631716000000E+03       0.361423060000000E+02
      -0.114649704668932E+03       0.361307351203347E+02
      -0.114659950000000E+03       0.361241450000000E+02
      -0.114662780829365E+03       0.361200881888568E+02
      -0.114662889733704E+03       0.361199321199877E+02
      -0.114666537829171E+03       0.361173431447449E+02
      -0.114670502787827E+03       0.361164626138647E+02
      -0.114674144385562E+03       0.361156538943956E+02
      -0.114689373952337E+03       0.361122717396240E+02
      -0.114701980225482E+03       0.361094721611791E+02
      -0.114709771000000E+03       0.361077420000000E+02
      -0.114717293000000E+03       0.361076860000000E+02
      -0.114736165000000E+03       0.361043670000000E+02
      -0.114747079000000E+03       0.360970050000000E+02
      -0.114753638000000E+03       0.360907050000000E+02
      -0.114755618000000E+03       0.360871660000000E+02
      -0.114755498212685E+03       0.360819170519002E+02
      -0.114755491000000E+03       0.360816010000000E+02
      -0.114755239895058E+03       0.360812111740082E+02
      -0.114754668874597E+03       0.360803246975608E+02
      -0.114754099000000E+03       0.360794400000000E+02
      -0.114751744952949E+03       0.360774912420756E+02
      -0.114747680177296E+03       0.360741262864942E+02
      -0.114743342000000E+03       0.360705350000000E+02
      -0.114737008771789E+03       0.360597562199208E+02
      -0.114736253242916E+03       0.360584703544366E+02
      -0.114736738118924E+03       0.360543489036715E+02
      -0.114740327337119E+03       0.360493240037631E+02
      -0.114740374703078E+03       0.360492576914944E+02
      -0.114740374703078E+03       0.360436815939131E+02
      -0.114740617136383E+03       0.360410147711717E+02
      -0.114739809727523E+03       0.360389155131414E+02
      -0.114739404941666E+03       0.360378630724224E+02
      -0.114734313729488E+03       0.360356811162925E+02
      -0.114730434712029E+03       0.360313172228254E+02
      -0.114729707402716E+03       0.360281655193779E+02
      -0.114731162030739E+03       0.360218621124830E+02
      -0.114737531205756E+03       0.360160603516967E+02
      -0.114738138838180E+03       0.360155068517600E+02
      -0.114739724339561E+03       0.360140625988209E+02
      -0.114740522000000E+03       0.360133360000000E+02
      -0.114740770365582E+03       0.360129648271567E+02
      -0.114742194999938E+03       0.360108357657102E+02
      -0.114742779000000E+03       0.360099630000000E+02
      -0.114742912899201E+03       0.360089723190604E+02
      -0.114743243000000E+03       0.360065300000000E+02
      -0.114743756000000E+03       0.359850950000000E+02
      -0.114740595000000E+03       0.359756560000000E+02
      -0.114734169879130E+03       0.359675308213360E+02
      -0.114729941000000E+03       0.359621830000000E+02
      -0.114728318000000E+03       0.359562900000000E+02
      -0.114729996595975E+03       0.359489788607551E+02
      -0.114731159000000E+03       0.359439160000000E+02
      -0.114729356000000E+03       0.359414130000000E+02
      -0.114715692000000E+03       0.359347090000000E+02
      -0.114707526000000E+03       0.359280600000000E+02
      -0.114707993088145E+03       0.359206304676562E+02
      -0.114708516000000E+03       0.359123130000000E+02
      -0.114700271000000E+03       0.359017720000000E+02
      -0.114690332100577E+03       0.358932565717576E+02
      -0.114681119738949E+03       0.358853636249582E+02
      -0.114679038851086E+03       0.358800457984271E+02
      -0.114677882800282E+03       0.358763464367493E+02
      -0.114677420381752E+03       0.358747279629349E+02
      -0.114678114005066E+03       0.358719534472772E+02
      -0.114679501269615E+03       0.358680228808151E+02
      -0.114682010000000E+03       0.358632840000000E+02
      -0.114691755311877E+03       0.358580639667016E+02
      -0.114697766850818E+03       0.358548439123988E+02
      -0.114698102950038E+03       0.358537982738766E+02
      -0.114699847747642E+03       0.358483700328231E+02
      -0.114699847747642E+03       0.358432834155567E+02
      -0.114696410000000E+03       0.358337840000000E+02
      -0.114695710000000E+03       0.358306010000000E+02
      -0.114698546779176E+03       0.358249217680906E+02
      -0.114703710000000E+03       0.358145850000000E+02
      -0.114709910000000E+03       0.358101850000000E+02
      -0.114712110000000E+03       0.358061850000000E+02
      -0.114698910000000E+03       0.357901850000000E+02
      -0.114701409000000E+03       0.357690860000000E+02
      -0.114695709000000E+03       0.357559860000000E+02
      -0.114696433470135E+03       0.357458886974952E+02
      -0.114697309000000E+03       0.357336860000000E+02
      -0.114705309000000E+03       0.357115870000000E+02
      -0.114705409000000E+03       0.357082870000000E+02
      -0.114701208000000E+03       0.357011870000000E+02
      -0.114694108000000E+03       0.356951870000000E+02
      -0.114683208000000E+03       0.356893870000000E+02
      -0.114681047943642E+03       0.356861489916418E+02
      -0.114680607000000E+03       0.356854880000000E+02
      -0.114680689091401E+03       0.356851134579829E+02
      -0.114682207000000E+03       0.356781880000000E+02
      -0.114688076043963E+03       0.356680313414308E+02
      -0.114690008000000E+03       0.356646880000000E+02
      -0.114689768711508E+03       0.356594021530423E+02
      -0.114689407000000E+03       0.356514120000000E+02
      -0.114677107000000E+03       0.356414890000000E+02
      -0.114658206000000E+03       0.356190890000000E+02
      -0.114653406000000E+03       0.356107890000000E+02
      -0.114654306000000E+03       0.355975900000000E+02
      -0.114659606000000E+03       0.355874900000000E+02
      -0.114665648928760E+03       0.355804283644692E+02
      -0.114666183793534E+03       0.355775757604019E+02
      -0.114663005000000E+03       0.355636900000000E+02
      -0.114662005000000E+03       0.355454910000000E+02
      -0.114660205000000E+03       0.355392910000000E+02
      -0.114657405000000E+03       0.355363910000000E+02
      -0.114656905000000E+03       0.355343910000000E+02
      -0.114658005000000E+03       0.355304910000000E+02
      -0.114663105000000E+03       0.355244910000000E+02
      -0.114668148612335E+03       0.355213799867841E+02
      -0.114673805000000E+03       0.355178910000000E+02
      -0.114677205000000E+03       0.355134910000000E+02
      -0.114679205000000E+03       0.354999920000000E+02
      -0.114677643000000E+03       0.354897420000000E+02
      -0.114672901000000E+03       0.354817080000000E+02
      -0.114666377000000E+03       0.354668560000000E+02
      -0.114664500000000E+03       0.354494970000000E+02
      -0.114662515935718E+03       0.354451061613204E+02
      -0.114662125000000E+03       0.354442410000000E+02
      -0.114653658407402E+03       0.354316281195647E+02
      -0.114652005000000E+03       0.354291650000000E+02
      -0.114627137000000E+03       0.354095040000000E+02
      -0.114619870029019E+03       0.353907844456606E+02
      -0.114611435000000E+03       0.353690560000000E+02
      -0.114604314000000E+03       0.353535840000000E+02
      -0.114595931000000E+03       0.353252340000000E+02
      -0.114596580835952E+03       0.353135435669740E+02
      -0.114597503000000E+03       0.352969540000000E+02
      -0.114587129000000E+03       0.352623760000000E+02
      -0.114583111000000E+03       0.352380900000000E+02
      -0.114583559000000E+03       0.352299300000000E+02
      -0.114579963000000E+03       0.352096400000000E+02
      -0.114574835000000E+03       0.352058980000000E+02
      -0.114572119000000E+03       0.352005910000000E+02
      -0.114571940314801E+03       0.351995297426435E+02
      -0.114571825179494E+03       0.351988459244430E+02
      -0.114569747254432E+03       0.351865045930510E+02
      -0.114569238000000E+03       0.351834800000000E+02
      -0.114569425238159E+03       0.351719249731896E+02
      -0.114569465475355E+03       0.351694418154788E+02
      -0.114569569000000E+03       0.351630530000000E+02
      -0.114569735708209E+03       0.351617768271513E+02
      -0.114569783887378E+03       0.351614080093971E+02
      -0.114572747000000E+03       0.351387250000000E+02
      -0.114578524000000E+03       0.351287500000000E+02
      -0.114587740000000E+03       0.351237290000000E+02
      -0.114599120000000E+03       0.351210500000000E+02
      -0.114617388071761E+03       0.351215615235874E+02
      -0.114619905000000E+03       0.351216320000000E+02
      -0.114620902892032E+03       0.351212976778115E+02
      -0.114626892049073E+03       0.351192911400055E+02
      -0.114629934000000E+03       0.351182720000000E+02
      -0.114630490697759E+03       0.351177944554115E+02
      -0.114644352000000E+03       0.351059040000000E+02
      -0.114646759000000E+03       0.351018720000000E+02
      -0.114643600728707E+03       0.350975551062692E+02
      -0.114643359937725E+03       0.350972259803063E+02
      -0.114642831000000E+03       0.350965030000000E+02
      -0.114641751783421E+03       0.350960886114347E+02
      -0.114634021168863E+03       0.350931202746445E+02
      -0.114622517000000E+03       0.350887030000000E+02
      -0.114615974915499E+03       0.350847951762695E+02
      -0.114613132000000E+03       0.350830970000000E+02
      -0.114611918549522E+03       0.350819021935327E+02
      -0.114605384483869E+03       0.350754685202646E+02
      -0.114604736000000E+03       0.350748300000000E+02
      -0.114604579013491E+03       0.350742939443170E+02
      -0.114602908000000E+03       0.350685880000000E+02
      -0.114603619000000E+03       0.350642260000000E+02
      -0.114606694000000E+03       0.350589410000000E+02
      -0.114615380754445E+03       0.350528947127654E+02
      -0.114617823112316E+03       0.350511947456129E+02
      -0.114627124000000E+03       0.350447210000000E+02
      -0.114631860837903E+03       0.350338396911036E+02
      -0.114633286721928E+03       0.350249991825139E+02
      -0.114633999666704E+03       0.350165864446583E+02
      -0.114633999666704E+03       0.350100273587989E+02
      -0.114633718135562E+03       0.350077611210387E+02
      -0.114633013000000E+03       0.350020850000000E+02
      -0.114633013000000E+03       0.350020850000000E+02
      -0.114652910766979E+03       0.350180747003397E+02
      -0.114675243911133E+03       0.350360214520050E+02
      -0.114683498004743E+03       0.350426543813953E+02
      -0.114804249000000E+03       0.351396890000000E+02
      -0.114804249000000E+03       0.351396890000000E+02
      -0.114805030000000E+03       0.351402840000000E+02
      -0.114805030000000E+03       0.351402840000000E+02
      -0.114849319352386E+03       0.351758899882356E+02
      -0.114849345537015E+03       0.351759110391093E+02
      -0.114850794916255E+03       0.351770762532615E+02
      -0.114925381000000E+03       0.352370390000000E+02
      -0.114925381000000E+03       0.352370390000000E+02
      -0.114925480000000E+03       0.352370540000000E+02
      -0.114925480000000E+03       0.352370540000000E+02
      -0.114942216000000E+03       0.352499940000000E+02
      -0.115043812000000E+03       0.353320120000000E+02
      -0.115098018000000E+03       0.353749900000000E+02
      -0.115102881000000E+03       0.353793710000000E+02
      -0.115125816000000E+03       0.353969400000000E+02
      -0.115145813000000E+03       0.354131820000000E+02
      -0.115145813000000E+03       0.354131820000000E+02
      -0.115146788000000E+03       0.354136620000000E+02
      -0.115146788000000E+03       0.354136620000000E+02
      -0.115160068000000E+03       0.354241290000000E+02
      -0.115160068000000E+03       0.354241290000000E+02
      -0.115160599000000E+03       0.354243130000000E+02
      -0.115160599000000E+03       0.354243130000000E+02
      -0.115225411984582E+03       0.354760185953769E+02
      -0.115271342000000E+03       0.355126600000000E+02
      -0.115271342000000E+03       0.355126600000000E+02
      -0.115303743000000E+03       0.355382070000000E+02
      -0.115303743000000E+03       0.355382070000000E+02
      -0.115390590031797E+03       0.356065276146807E+02
      -0.115391531515951E+03       0.356072682591764E+02
      -0.115391535000000E+03       0.356072710000000E+02
      -0.115391535000000E+03       0.356072710000000E+02
      -0.115393996000000E+03       0.356093440000000E+02
      -0.115393996000000E+03       0.356093440000000E+02
      -0.115404537000000E+03       0.356176050000000E+02
      -0.115404537000000E+03       0.356176050000000E+02
      -0.115406079000000E+03       0.356186130000000E+02
      -0.115406079000000E+03       0.356186130000000E+02
      -0.115412908000000E+03       0.356249810000000E+02
      -0.115500832000000E+03       0.356933820000000E+02
      -0.115547651001016E+03       0.357303226659617E+02
      -0.115549847609957E+03       0.357320558126619E+02
      -0.115553054693904E+03       0.357345862343762E+02
      -0.115591332180747E+03       0.357647875591515E+02
      -0.115625838000000E+03       0.357920130000000E+02
      -0.115627386000000E+03       0.357938460000000E+02
      -0.115647202000000E+03       0.358089950000000E+02
      -0.115647202000000E+03       0.358089950000000E+02
      -0.115647683000000E+03       0.358093580000000E+02
      -0.115647683000000E+03       0.358093580000000E+02
      -0.115669005000000E+03       0.358265150000000E+02
      -0.115689302000000E+03       0.358420030000000E+02
      -0.115689302000000E+03       0.358420030000000E+02
      -0.115750844000000E+03       0.358892870000000E+02
      -0.115756058851803E+03       0.358933935731696E+02
      -0.115757897765075E+03       0.358948416741297E+02
      -0.115826217630017E+03       0.359486419612535E+02
      -0.115852908000000E+03       0.359696600000000E+02
      -0.115857537209692E+03       0.359731615713214E+02
      -0.115892975000000E+03       0.359999670000000E+02
      -0.115892975000000E+03       0.359999670000000E+02
      -0.115898356047545E+03       0.360041326230857E+02
      -0.115912858000000E+03       0.360153590000000E+02
      -0.115912858000000E+03       0.360153590000000E+02
      -0.115962602374587E+03       0.360540127704543E+02
      -0.115978831483682E+03       0.360666235684161E+02
      -0.115995522499159E+03       0.360795932898415E+02
      -0.116056360055282E+03       0.361268669956410E+02
      -0.116079679886303E+03       0.361449876254165E+02
      -0.116093601000000E+03       0.361558050000000E+02
      -0.116093601000000E+03       0.361558050000000E+02
      -0.116097216000000E+03       0.361583460000000E+02
      -0.116097216000000E+03       0.361583460000000E+02
      -0.116108304167190E+03       0.361669069948275E+02
      -0.116189519296648E+03       0.362296118847616E+02
      -0.116209737291131E+03       0.362452218718071E+02
      -0.116250869000000E+03       0.362769790000000E+02
      -0.116335204556820E+03       0.363414642689273E+02
      -0.116375875000000E+03       0.363725620000000E+02
      -0.116380340000000E+03       0.363749550000000E+02
      -0.116488233000000E+03       0.364590970000000E+02
      -0.116500882000000E+03       0.364682230000000E+02
      -0.116541983000000E+03       0.364999520000000E+02
      -0.116710294493183E+03       0.366274905591630E+02
      -0.116928059188745E+03       0.367925024367427E+02
      -0.117000895000000E+03       0.368476940000000E+02
      -0.117066728000000E+03       0.368963540000000E+02
      -0.117131975000000E+03       0.369457770000000E+02
      -0.117165999636112E+03       0.369712233258885E+02
      -0.117244917000000E+03       0.370302440000000E+02
      -0.117266046000000E+03       0.370449100000000E+02
      -0.117375905000000E+03       0.371268430000000E+02
      -0.117500117000000E+03       0.372203800000000E+02
      -0.117500909000000E+03       0.372202820000000E+02
      -0.117540885000000E+03       0.372499310000000E+02
      -0.117581418000000E+03       0.372789360000000E+02
      -0.117680610000000E+03       0.373533990000000E+02
      -0.117712358000000E+03       0.373749310000000E+02
      -0.117832726000000E+03       0.374649290000000E+02
      -0.117832726000000E+03       0.374649290000000E+02
      -0.117866504391915E+03       0.374902137303941E+02
      -0.117875927000000E+03       0.374972670000000E+02
      -0.117904625000000E+03       0.375158360000000E+02
      -0.117975776000000E+03       0.375692930000000E+02
      -0.118039849000000E+03       0.376152450000000E+02
      -0.118039849000000E+03       0.376152450000000E+02
      -0.118039798000000E+03       0.376152730000000E+02
      -0.118039798000000E+03       0.376152730000000E+02
      -0.118052189000000E+03       0.376249300000000E+02
      -0.118250947000000E+03       0.377686160000000E+02
      -0.118427799974212E+03       0.378962296134278E+02
      -0.118460744208359E+03       0.379200015221555E+02
      -0.118500958000000E+03       0.379490190000000E+02
      -0.118571958000000E+03       0.379999300000000E+02
      -0.118621590000000E+03       0.380343890000000E+02
      -0.118714312000000E+03       0.381021850000000E+02
      -0.118746598000000E+03       0.381249260000000E+02
      -0.118771867000000E+03       0.381418710000000E+02
      -0.118797753680760E+03       0.381605505462852E+02
      -0.118815443784834E+03       0.381733155322989E+02
      -0.118859087000000E+03       0.382048080000000E+02
      -0.118922518000000E+03       0.382499190000000E+02
      -0.118949673000000E+03       0.382689400000000E+02
      -0.119000975000000E+03       0.383036750000000E+02
      -0.119030078000000E+03       0.383251810000000E+02
      -0.119082358000000E+03       0.383612670000000E+02
      -0.119097161000000E+03       0.383728530000000E+02
      -0.119125982000000E+03       0.383931700000000E+02
      -0.119154768890917E+03       0.384131988443951E+02
      -0.119156993066386E+03       0.384147463426822E+02
      -0.119234966000000E+03       0.384689970000000E+02
      -0.119250988000000E+03       0.384807800000000E+02
      -0.119279262000000E+03       0.384999140000000E+02
      -0.119328395396063E+03       0.385347621430619E+02
      -0.119329485109174E+03       0.385355350283381E+02
      -0.119333423000000E+03       0.385383280000000E+02
      -0.119370117000000E+03       0.385632810000000E+02
      -0.119375994000000E+03       0.385667930000000E+02
      -0.119450623000000E+03       0.386199650000000E+02
      -0.119450623000000E+03       0.386199650000000E+02
      -0.119450612000000E+03       0.386199640000000E+02
      -0.119450612000000E+03       0.386199640000000E+02
      -0.119494022000000E+03       0.386497340000000E+02
      -0.119494022000000E+03       0.386497340000000E+02
      -0.119494183000000E+03       0.386498520000000E+02
      -0.119494183000000E+03       0.386498520000000E+02
      -0.119585437000000E+03       0.387132120000000E+02
      -0.119585437000000E+03       0.387132120000000E+02
      -0.119587066000000E+03       0.387143450000000E+02
      -0.119587066000000E+03       0.387143450000000E+02
      -0.119587679000000E+03       0.387147340000000E+02
      -0.119587679000000E+03       0.387147340000000E+02
      -0.119656568375816E+03       0.387622918540015E+02
      -0.119695633145152E+03       0.387892602591392E+02
      -0.119779093364750E+03       0.388468771106718E+02
      -0.119843789326858E+03       0.388915400370516E+02
      -0.119900596918547E+03       0.389307572185071E+02
      -0.119904315000000E+03       0.389333240000000E+02
      -0.119904315000000E+03       0.389333240000000E+02
      -0.119938793827294E+03       0.389569459848006E+02
      -0.119938901468697E+03       0.389570197316123E+02
      -0.119942168214694E+03       0.389592578304789E+02
      -0.119944663243392E+03       0.389609672137324E+02
      -0.119949655004042E+03       0.389643871471659E+02
      -0.119951371390416E+03       0.389655630703635E+02
      -0.119965873757280E+03       0.389754988691281E+02
      -0.119991945239620E+03       0.389933608501724E+02
      -0.120001014000000E+03       0.389995740000000E+02
      -0.120001176756707E+03       0.390072129922255E+02
      -0.120001793694182E+03       0.390361689760814E+02
      -0.120002461000000E+03       0.390674890000000E+02
      -0.120002461000000E+03       0.390674890000000E+02
      -0.120003402382521E+03       0.391126871104002E+02
      -0.120003828218475E+03       0.391331325510279E+02
      -0.120004504280413E+03       0.391655919619622E+02
      -0.120005691459851E+03       0.392225913921307E+02
      -0.120005746000000E+03       0.392252100000000E+02
      -0.120005746000000E+03       0.392252100000000E+02
      -0.120005743000000E+03       0.392286640000000E+02
      -0.120005743000000E+03       0.392286640000000E+02
      -0.120005737483077E+03       0.392292385861537E+02
      -0.120005671292855E+03       0.392361322812469E+02
      -0.120005292945185E+03       0.392755370966660E+02
      -0.120005258012211E+03       0.392791753571718E+02
      -0.120005255639861E+03       0.392794224368133E+02
      -0.120005250405620E+03       0.392799675817783E+02
      -0.120005142000000E+03       0.392912580000000E+02
      -0.120005414000000E+03       0.393133450000000E+02
      -0.120005414000000E+03       0.393133450000000E+02
      -0.120005413000000E+03       0.393138480000000E+02
      -0.120005413000000E+03       0.393138480000000E+02
      -0.120005320000000E+03       0.393163500000000E+02
      -0.120005320000000E+03       0.393163500000000E+02
      -0.120004710000000E+03       0.393304880000000E+02
      -0.120004430000000E+03       0.393749080000000E+02
      -0.120004340507185E+03       0.393796894635349E+02
      -0.120004339234397E+03       0.393797574666223E+02
      -0.120003116000000E+03       0.394451130000000E+02
      -0.120003116000000E+03       0.394451130000000E+02
      -0.120002944326316E+03       0.394568081449378E+02
      -0.120002819365273E+03       0.394653210251687E+02
      -0.120002284167184E+03       0.395017810060463E+02
      -0.120002255777449E+03       0.395037150361079E+02
      -0.120002231413434E+03       0.395053748169651E+02
      -0.120001740000000E+03       0.395388520000000E+02
      -0.120001648318501E+03       0.395788277469046E+02
      -0.120001640801410E+03       0.395821054125948E+02
      -0.120001497048675E+03       0.396447857027293E+02
      -0.120001428873932E+03       0.396745118338473E+02
      -0.120001319000000E+03       0.397224200000000E+02
      -0.120001319000000E+03       0.397224200000000E+02
      -0.120001144072598E+03       0.397347390000000E+02
      -0.120000502000000E+03       0.397799560000000E+02
      -0.120000502000000E+03       0.397799560000000E+02
      -0.120000607000000E+03       0.397807790000000E+02
      -0.120000607000000E+03       0.397807790000000E+02
      -0.119999733000000E+03       0.398514060000000E+02
      -0.119998884569788E+03       0.398938877374067E+02
      -0.119998685234603E+03       0.399038686466937E+02
      -0.119998287713108E+03       0.399237729400072E+02
      -0.119997975342174E+03       0.399394136607319E+02
      -0.119997634000000E+03       0.399565050000000E+02
      -0.119997582421776E+03       0.399738428019042E+02
      -0.119997291000000E+03       0.400718030000000E+02
      -0.119997291000000E+03       0.400718030000000E+02
      -0.119997175000000E+03       0.400772450000000E+02
      -0.119997175000000E+03       0.400772450000000E+02
      -0.119997234000000E+03       0.400915910000000E+02
      -0.119997234000000E+03       0.400915910000000E+02
      -0.119997124000000E+03       0.401263630000000E+02
      -0.119997124000000E+03       0.401263630000000E+02
      -0.119996300633923E+03       0.402454474594674E+02
      -0.119996183000000E+03       0.402624610000000E+02
      -0.119996183000000E+03       0.402624610000000E+02
      -0.119996182000000E+03       0.402635320000000E+02
      -0.119996182000000E+03       0.402635320000000E+02
      -0.119996155000000E+03       0.403212500000000E+02
      -0.119996155000000E+03       0.403212500000000E+02
      -0.119996155000000E+03       0.403218380000000E+02
      -0.119996155000000E+03       0.403218380000000E+02
      -0.119995926000000E+03       0.404999010000000E+02
      -0.119996514499825E+03       0.405808667839075E+02
      -0.119997533000000E+03       0.407209920000000E+02
      -0.119998479000000E+03       0.407498990000000E+02
      -0.119999231000000E+03       0.408658990000000E+02
      -0.119999231000000E+03       0.408658990000000E+02
      -0.119999232000000E+03       0.408674540000000E+02
      -0.119999232000000E+03       0.408674540000000E+02
      -0.119999358000000E+03       0.408731010000000E+02
      -0.119999358000000E+03       0.408731010000000E+02
      -0.119999866000000E+03       0.411839740000000E+02
      -0.119999866000000E+03       0.411839740000000E+02
      -0.119999471000000E+03       0.414998940000000E+02
      -0.119998280000000E+03       0.416187650000000E+02
      -0.119998855000000E+03       0.416248930000000E+02
      -0.119998287000000E+03       0.417498920000000E+02
      -0.119999276000000E+03       0.418748910000000E+02
      -0.119999168000000E+03       0.419945400000000E+02
      -0.119999168000000E+03       0.419945400000000E+02
      -0.119986678000000E+03       0.419958420000000E+02
      -0.119876054000000E+03       0.419971990000000E+02
      -0.119872929000000E+03       0.419976410000000E+02
      -0.119848907000000E+03       0.419972810000000E+02
      -0.119790087000000E+03       0.419975440000000E+02
      -0.119725730000000E+03       0.419962960000000E+02
      -0.119444598000000E+03       0.419954780000000E+02
      -0.119360177000000E+03       0.419943840000000E+02
      -0.119360177000000E+03       0.419943840000000E+02
      -0.119324188921670E+03       0.419942056159351E+02
      -0.119251033000000E+03       0.419938430000000E+02
      -0.119231876000000E+03       0.419942120000000E+02
      -0.119208280000000E+03       0.419931770000000E+02
      -0.119001022000000E+03       0.419937930000000E+02
      -0.118795612000000E+03       0.419923940000000E+02
      -0.118777228000000E+03       0.419926710000000E+02
      -0.118777228000000E+03       0.419926710000000E+02
      -0.118775869000000E+03       0.419926920000000E+02
      -0.118775869000000E+03       0.419926920000000E+02
      -0.118696409000000E+03       0.419917940000000E+02
      -0.118601806000000E+03       0.419938950000000E+02
      -0.118501002000000E+03       0.419954460000000E+02
      -0.118416510919870E+03       0.419958767803916E+02
      -0.118347475999484E+03       0.419962287570736E+02
      -0.118197189000000E+03       0.419969950000000E+02
      -0.118197189000000E+03       0.419969950000000E+02
      -0.118123786733290E+03       0.419972988379764E+02
      -0.117886755449663E+03       0.419982799944009E+02
      -0.117873467000000E+03       0.419983350000000E+02
      -0.117863280569986E+03       0.419983254101182E+02
      -0.117656547269305E+03       0.419981307837473E+02
      -0.117631516620731E+03       0.419981072189695E+02
      -0.117625973000000E+03       0.419981020000000E+02
      -0.117624794702404E+03       0.419982938281100E+02
      -0.117623731000000E+03       0.419984670000000E+02
      -0.117617188021551E+03       0.419985101686139E+02
      -0.117530198719816E+03       0.419990840979968E+02
      -0.117443062000000E+03       0.419996590000000E+02
      -0.117403613000000E+03       0.419992900000000E+02
      -0.117217551000000E+03       0.419998870000000E+02
      -0.117208133687917E+03       0.420001220394804E+02
      -0.117197798000000E+03       0.420003800000000E+02
      -0.117166909048794E+03       0.420002975083162E+02
      -0.117080659323874E+03       0.420000671707763E+02
      -0.117068613000000E+03       0.420000350000000E+02
      -0.117055402000000E+03       0.419998900000000E+02
      -0.117048910000000E+03       0.419989830000000E+02
      -0.117040906000000E+03       0.419998900000000E+02
      -0.117026222000000E+03       0.420002520000000E+02
END
END
