         1      -0.746672018177719E+02       0.411133172283951E+02
      -0.742344730000000E+02       0.411428830000000E+02
      -0.742329660515461E+02       0.411422670616192E+02
      -0.742131953861345E+02       0.411341861537360E+02
      -0.742068807739631E+02       0.411316051683107E+02
      -0.741823900000000E+02       0.411215950000000E+02
      -0.741624830514749E+02       0.411128049580943E+02
      -0.741615198306131E+02       0.411123796416913E+02
      -0.741582793367059E+02       0.411109487806428E+02
      -0.741498420348295E+02       0.411072232354157E+02
      -0.741223138014106E+02       0.410950679658605E+02
      -0.741205795330250E+02       0.410943021884352E+02
      -0.741118063723002E+02       0.410904283425608E+02
      -0.741037897874564E+02       0.410868885676611E+02
      -0.740967860000000E+02       0.410837960000000E+02
      -0.740924860000000E+02       0.410818960000000E+02
      -0.740816017622146E+02       0.410770692832593E+02
      -0.740719551855783E+02       0.410727914188962E+02
      -0.740584156323385E+02       0.410667871777566E+02
      -0.740568744824600E+02       0.410661037404718E+02
      -0.740519809703222E+02       0.410639336668827E+02
      -0.740410540000000E+02       0.410590880000000E+02
      -0.740410490000000E+02       0.410590860000000E+02
      -0.740371564622069E+02       0.410573445150731E+02
      -0.740365067317590E+02       0.410570538317601E+02
      -0.740243082058432E+02       0.410515963255926E+02
      -0.740125835899658E+02       0.410463508423347E+02
      -0.739939541197603E+02       0.410380161919642E+02
      -0.739772004228554E+02       0.410305207449883E+02
      -0.739592491294971E+02       0.410224895045832E+02
      -0.739528670949303E+02       0.410196342421319E+02
      -0.739517348683157E+02       0.410191276945559E+02
      -0.739455300881978E+02       0.410163517340837E+02
      -0.739384296583401E+02       0.410131750683122E+02
      -0.739220901947890E+02       0.410058649454564E+02
      -0.739118800000000E+02       0.410012970000000E+02
      -0.739070540000000E+02       0.409984760000000E+02
      -0.739050100000000E+02       0.409975910000000E+02
      -0.739026800000000E+02       0.409972970000000E+02
      -0.738939790000000E+02       0.409971970000000E+02
      -0.738939790000000E+02       0.409971970000000E+02
      -0.738964790000000E+02       0.409816970000000E+02
      -0.739072800000000E+02       0.409514980000000E+02
      -0.739155800000000E+02       0.409248980000000E+02
      -0.739176800000000E+02       0.409194980000000E+02
      -0.739179050000000E+02       0.409175770000000E+02
      -0.739179050000000E+02       0.409175770000000E+02
      -0.739184050000000E+02       0.409174770000000E+02
      -0.739197050000000E+02       0.409134780000000E+02
      -0.739197050000000E+02       0.409134780000000E+02
      -0.739267736587996E+02       0.408953142600461E+02
      -0.739290060000000E+02       0.408895780000000E+02
      -0.739334060000000E+02       0.408820780000000E+02
      -0.739334060000000E+02       0.408820780000000E+02
      -0.739380810000000E+02       0.408746990000000E+02
      -0.739482810000000E+02       0.408583990000000E+02
      -0.739482810000000E+02       0.408583990000000E+02
      -0.739519872247897E+02       0.408516386015457E+02
      -0.739539820000000E+02       0.408480000000000E+02
      -0.739631820000000E+02       0.408269000000000E+02
      -0.739657062390457E+02       0.408237060648810E+02
      -0.739680820000000E+02       0.408207000000000E+02
      -0.739768711340442E+02       0.408084901132600E+02
      -0.739848052317606E+02       0.407974680451000E+02
      -0.739915614010726E+02       0.407880823579913E+02
      -0.739928540933543E+02       0.407862865466781E+02
      -0.739953545678506E+02       0.407828128813270E+02
      -0.740013945331872E+02       0.407744221465512E+02
      -0.740091840000000E+02       0.407636010000000E+02
      -0.740124005599170E+02       0.407587062349089E+02
      -0.740124005599170E+02       0.407587062349089E+02
      -0.740137840000000E+02       0.407566010000000E+02
      -0.740137840000000E+02       0.407566010000000E+02
      -0.740180473520084E+02       0.407396336380729E+02
      -0.740203886899226E+02       0.407303155410201E+02
      -0.740207668873708E+02       0.407288103842863E+02
      -0.740211170000000E+02       0.407274170000000E+02
      -0.740218484692010E+02       0.407235779609741E+02
      -0.740224222470613E+02       0.407205665483338E+02
      -0.740233364123946E+02       0.407157686479080E+02
      -0.740236953239747E+02       0.407138849382985E+02
      -0.740245430000000E+02       0.407094360000000E+02
      -0.740245430000000E+02       0.407094360000000E+02
      -0.740385380000000E+02       0.407107410000000E+02
      -0.740394371996786E+02       0.407096788394877E+02
      -0.740403002925915E+02       0.407086593293252E+02
      -0.740424603507217E+02       0.407061078065603E+02
      -0.740432664483477E+02       0.407051556208693E+02
      -0.740511850000000E+02       0.406958020000000E+02
      -0.740561919526627E+02       0.406927764082840E+02
      -0.740577800892857E+02       0.406918167321429E+02
      -0.740679593437680E+02       0.406856656318407E+02
      -0.740698850000000E+02       0.406845020000000E+02
      -0.740700682458998E+02       0.406843485967198E+02
      -0.740700824094498E+02       0.406843367397832E+02
      -0.740713402885112E+02       0.406832837133617E+02
      -0.740746139721483E+02       0.406805431674132E+02
      -0.740823830348534E+02       0.406740393400189E+02
      -0.740827860000000E+02       0.406737020000000E+02
      -0.740839422148723E+02       0.406714860820802E+02
      -0.740872430486450E+02       0.406651599424649E+02
      -0.740899860000000E+02       0.406599030000000E+02
      -0.740873971838353E+02       0.406536067214332E+02
      -0.740940860000000E+02       0.406497030000000E+02
      -0.741083999034125E+02       0.406474383715621E+02
      -0.741121344013316E+02       0.406468475299206E+02
      -0.741202875329117E+02       0.406455576082897E+02
      -0.741255792939198E+02       0.406447203892502E+02
      -0.741340969805496E+02       0.406433727907084E+02
      -0.741423038421437E+02       0.406420743683552E+02
      -0.741433870000000E+02       0.406419030000000E+02
      -0.741611045883769E+02       0.406440561269194E+02
      -0.741810830000000E+02       0.406464840000000E+02
      -0.741860270000000E+02       0.406460760000000E+02
      -0.741878487569997E+02       0.406447482888251E+02
      -0.741879736264398E+02       0.406446572829714E+02
      -0.741891060000000E+02       0.406438320000000E+02
      -0.741914079484550E+02       0.406415893683535E+02
      -0.741964138284405E+02       0.406367124803201E+02
      -0.742005064723488E+02       0.406327252960170E+02
      -0.742022230000000E+02       0.406310530000000E+02
      -0.742033226052990E+02       0.406221539178841E+02
      -0.742039975086192E+02       0.406166919397792E+02
      -0.742052816217342E+02       0.406062996398635E+02
      -0.742067155607725E+02       0.405946948019610E+02
      -0.742074734898589E+02       0.405885608981098E+02
      -0.742077228132410E+02       0.405865431293228E+02
      -0.742089063013310E+02       0.405769651855771E+02
      -0.742089880000000E+02       0.405763040000000E+02
      -0.742120088161592E+02       0.405681269631552E+02
      -0.742147880000000E+02       0.405606040000000E+02
      -0.742181890000000E+02       0.405572040000000E+02
      -0.742298111239885E+02       0.405589386453714E+02
      -0.742309971648565E+02       0.405591156663965E+02
      -0.742315890000000E+02       0.405592040000000E+02
      -0.742316336333423E+02       0.405591788642982E+02
      -0.742316341266955E+02       0.405591785864616E+02
      -0.742486410000000E+02       0.405496010000000E+02
      -0.742514410000000E+02       0.405423010000000E+02
      -0.742509047531260E+02       0.405401022229443E+02
      -0.742480314326140E+02       0.405283207254260E+02
      -0.742462370000000E+02       0.405209630000000E+02
      -0.742515947980500E+02       0.405156768724903E+02
      -0.742572600727128E+02       0.405100873814408E+02
      -0.742592063808423E+02       0.405081671088121E+02
      -0.742627131603779E+02       0.405047072389924E+02
      -0.742635527310499E+02       0.405038788991437E+02
      -0.742636035231498E+02       0.405038287864828E+02
      -0.742658230007160E+02       0.405016389985681E+02
      -0.742668350789166E+02       0.405006404588007E+02
      -0.742682900000000E+02       0.404992050000000E+02
      -0.742699976413505E+02       0.404950135166852E+02
      -0.742726900000000E+02       0.404884050000000E+02
      -0.742719550339091E+02       0.404860129015406E+02
      -0.742713865242053E+02       0.404841625696634E+02
      -0.742698372914194E+02       0.404791202726022E+02
      -0.742675900000000E+02       0.404718060000000E+02
      -0.742671615795533E+02       0.404712724470844E+02
      -0.742618890000000E+02       0.404647060000000E+02
      -0.742579631495882E+02       0.404636310647682E+02
      -0.742576497476635E+02       0.404635452523364E+02
      -0.742553169792746E+02       0.404629065181347E+02
      -0.742366890000000E+02       0.404578060000000E+02
      -0.742229479412566E+02       0.404524941799981E+02
      -0.742097880000000E+02       0.404474070000000E+02
      -0.742095449913211E+02       0.404469547338476E+02
      -0.742089275793499E+02       0.404458056615679E+02
      -0.742061880000000E+02       0.404407070000000E+02
      -0.742064191406135E+02       0.404387888160608E+02
      -0.742086554818759E+02       0.404375195411399E+02
      -0.742086325524669E+02       0.404374865801193E+02
      -0.742072048819245E+02       0.404354343040208E+02
      -0.742071880000000E+02       0.404354459605866E+02
      -0.742021277819480E+02       0.404389399203505E+02
      -0.742020880000000E+02       0.404389498658389E+02
      -0.741949352720602E+02       0.404407380480787E+02
      -0.741939077170207E+02       0.404409949368751E+02
      -0.741913087251116E+02       0.404429895116254E+02
      -0.741877870000000E+02       0.404474070000000E+02
      -0.741747870000000E+02       0.404556070000000E+02
      -0.741748931631422E+02       0.404544913040603E+02
      -0.741750744165850E+02       0.404491443250808E+02
      -0.741768416388604E+02       0.404477396101302E+02
      -0.741767927695890E+02       0.404477025879614E+02
      -0.741753462969689E+02       0.404466067755634E+02
      -0.741753114423103E+02       0.404466329533238E+02
      -0.741699766609249E+02       0.404506396667528E+02
      -0.741670086355235E+02       0.404487365042855E+02
      -0.741662119104099E+02       0.404471651860977E+02
      -0.741661929943720E+02       0.404471278794861E+02
      -0.741661572241305E+02       0.404471474482610E+02
      -0.741640287138429E+02       0.404483118893419E+02
      -0.741633139032732E+02       0.404484240979776E+02
      -0.741577870000000E+02       0.404466070000000E+02
      -0.741536110709572E+02       0.404476472638679E+02
      -0.741526855691552E+02       0.404473440823284E+02
      -0.741519515510818E+02       0.404480621438367E+02
      -0.741475256732857E+02       0.404492069222109E+02
      -0.741428860000000E+02       0.404504070000000E+02
      -0.741398860000000E+02       0.404534070000000E+02
      -0.741384151108191E+02       0.404544679354318E+02
      -0.741381522659003E+02       0.404545417682207E+02
      -0.741365511608245E+02       0.404549915165124E+02
      -0.741358234408625E+02       0.404551959320843E+02
      -0.741357770260043E+02       0.404551843283760E+02
      -0.741356708572964E+02       0.404551577862134E+02
      -0.741347616545225E+02       0.404549304856422E+02
      -0.741345322322215E+02       0.404548731300979E+02
      -0.741337268097356E+02       0.404546717745848E+02
      -0.741311351392146E+02       0.404532448993851E+02
      -0.741287154480850E+02       0.404518046068688E+02
      -0.741274660355891E+02       0.404510609088631E+02
      -0.741274551602454E+02       0.404510551035241E+02
      -0.741246922584096E+02       0.404495802460612E+02
      -0.741223272011136E+02       0.404482581643359E+02
      -0.741169008821635E+02       0.404460847192752E+02
      -0.741168625977497E+02       0.404460693849259E+02
      -0.741167053603755E+02       0.404460275185652E+02
      -0.741030536492062E+02       0.404423925846564E+02
      -0.740922605970580E+02       0.404395188034324E+02
      -0.740915176000793E+02       0.404393209714625E+02
      -0.740880850000000E+02       0.404384070000000E+02
      -0.740812783969849E+02       0.404357186778008E+02
      -0.740761850000000E+02       0.404337070000000E+02
      -0.740672092401846E+02       0.404279675440259E+02
      -0.740651096083705E+02       0.404266249563669E+02
      -0.740612082686179E+02       0.404241302853630E+02
      -0.740605988982401E+02       0.404237406298322E+02
      -0.740604043883330E+02       0.404236162525013E+02
      -0.740589840000000E+02       0.404227080000000E+02
      -0.740541943937008E+02       0.404210683149606E+02
      -0.740535506414381E+02       0.404208479313031E+02
      -0.740478840000000E+02       0.404189080000000E+02
      -0.740364926240527E+02       0.404167670218937E+02
      -0.740063830000000E+02       0.404111080000000E+02
      -0.740024059595470E+02       0.404110085747930E+02
      -0.739985053316113E+02       0.404109110598834E+02
      -0.739985053282190E+02       0.404109110695025E+02
      -0.739954863744949E+02       0.404194715054971E+02
      -0.739954770722041E+02       0.404195288113926E+02
      -0.739935610001898E+02       0.404313325944564E+02
      -0.739916820000000E+02       0.404429080000000E+02
      -0.739945461549316E+02       0.404472290040048E+02
      -0.740060770000000E+02       0.404646250000000E+02
      -0.740076703077124E+02       0.404656569886447E+02
      -0.740177830000000E+02       0.404722070000000E+02
      -0.740179170000000E+02       0.404743380000000E+02
      -0.740140310000000E+02       0.404764710000000E+02
      -0.740071000000000E+02       0.404752980000000E+02
      -0.740031741870843E+02       0.404730316399293E+02
      -0.739956830000000E+02       0.404687070000000E+02
      -0.739782820000000E+02       0.404402080000000E+02
      -0.739769820000000E+02       0.404085080000000E+02
      -0.739756048185428E+02       0.403994598120971E+02
      -0.739734664185191E+02       0.403854103597720E+02
      -0.739713810000000E+02       0.403717090000000E+02
      -0.739713810000000E+02       0.403615041351351E+02
      -0.739713810000000E+02       0.403480100000000E+02
      -0.739716549658322E+02       0.403458115383299E+02
      -0.739724367249205E+02       0.403395382473256E+02
      -0.739733696853555E+02       0.403320516285042E+02
      -0.739745836584699E+02       0.403223100000000E+02
      -0.739756479769303E+02       0.403137692877477E+02
      -0.739756678471050E+02       0.403136098378741E+02
      -0.739756951408345E+02       0.403133908170654E+02
      -0.739764560311048E+02       0.403072849896317E+02
      -0.739771191177693E+02       0.403019639953895E+02
      -0.739774420000000E+02       0.402993730000000E+02
      -0.739785201025979E+02       0.402942960752398E+02
      -0.739802582317403E+02       0.402861110000000E+02
      -0.739816810000000E+02       0.402794110000000E+02
      -0.739825781679685E+02       0.402761856459961E+02
      -0.739842752607154E+02       0.402700845310669E+02
      -0.739851220115093E+02       0.402670404287812E+02
      -0.739869749670090E+02       0.402603789811480E+02
      -0.739932844062030E+02       0.402376962999978E+02
      -0.739932920000000E+02       0.402376690000000E+02
      -0.739947432193507E+02       0.402331505853365E+02
      -0.739956327788279E+02       0.402303809154144E+02
      -0.739961472644713E+02       0.402287790490431E+02
      -0.739975543458243E+02       0.402243980593497E+02
      -0.739982870311075E+02       0.402221168219022E+02
      -0.739986322216698E+02       0.402210420608072E+02
      -0.739995800513244E+02       0.402180909649526E+02
      -0.739999114310111E+02       0.402170592044302E+02
      -0.740026343445872E+02       0.402085813319266E+02
      -0.740027390858879E+02       0.402082552167679E+02
      -0.740043562918999E+02       0.402032199976914E+02
      -0.740050301587780E+02       0.402011218930997E+02
      -0.740059355426715E+02       0.401983029533862E+02
      -0.740067828468577E+02       0.401956648465711E+02
      -0.740068482590491E+02       0.401954611837653E+02
      -0.740079594030890E+02       0.401920016037089E+02
      -0.740079656667604E+02       0.401919821015814E+02
      -0.740094356284336E+02       0.401874053321386E+02
      -0.740098931946539E+02       0.401859806860859E+02
      -0.740111165040026E+02       0.401821718760006E+02
      -0.740121590102642E+02       0.401789260017107E+02
      -0.740127667956041E+02       0.401770336439560E+02
      -0.740136492147159E+02       0.401742862057742E+02
      -0.740160170114927E+02       0.401669140000000E+02
      -0.740207061564405E+02       0.401523142075693E+02
      -0.740252304903715E+02       0.401382275591472E+02
      -0.740271170036512E+02       0.401323538438734E+02
      -0.740301810000000E+02       0.401228140000000E+02
      -0.740311920000765E+02       0.401177061029733E+02
      -0.740340800000000E+02       0.401031150000000E+02
      -0.740318753632483E+02       0.401010604254168E+02
      -0.740313180000000E+02       0.401005410000000E+02
      -0.740335460000000E+02       0.400995180000000E+02
      -0.740357220607029E+02       0.400928209185415E+02
      -0.740381315749600E+02       0.400854053564509E+02
      -0.740388064482169E+02       0.400833283550282E+02
      -0.740394210000000E+02       0.400814370000000E+02
      -0.740408167285760E+02       0.400756607145443E+02
      -0.740450573271203E+02       0.400581108068355E+02
      -0.740526290443895E+02       0.400267749145358E+02
      -0.740576315849132E+02       0.400060716756929E+02
      -0.740587936723861E+02       0.400012623244455E+02
      -0.740619103586636E+02       0.399883637781780E+02
      -0.740638270339341E+02       0.399804315314079E+02
      -0.740641350000000E+02       0.399791570000000E+02
      -0.740643753343253E+02       0.399779075621098E+02
      -0.740655648347188E+02       0.399717236478462E+02
      -0.740660317522304E+02       0.399692962607885E+02
      -0.740679598151551E+02       0.399592727451295E+02
      -0.740687788948325E+02       0.399550145552814E+02
      -0.740700627169676E+02       0.399483402859355E+02
      -0.740717178994482E+02       0.399397354072767E+02
      -0.740722440425537E+02       0.399370001212084E+02
      -0.740729114715056E+02       0.399335303254537E+02
      -0.740745472344101E+02       0.399250264043013E+02
      -0.740752039510139E+02       0.399216122993583E+02
      -0.740768570985242E+02       0.399130180000000E+02
      -0.740772470000000E+02       0.399109910000000E+02
      -0.740780399381729E+02       0.399045647738801E+02
      -0.740784387017507E+02       0.399013330655240E+02
      -0.740816732803095E+02       0.398751190000000E+02
      -0.740835706641162E+02       0.398597419910548E+02
      -0.740839027659448E+02       0.398570505309656E+02
      -0.740909450000000E+02       0.397999780000000E+02
      -0.740970710000000E+02       0.397678470000000E+02
      -0.740970596815344E+02       0.397675172902723E+02
      -0.740969710864093E+02       0.397649364921622E+02
      -0.740969056482650E+02       0.397630302626847E+02
      -0.740989202499343E+02       0.397595382844191E+02
      -0.741013431361799E+02       0.397563062157959E+02
      -0.741014430000000E+02       0.397561730000000E+02
      -0.741088383344851E+02       0.397468143774048E+02
      -0.741121197803417E+02       0.397426617845233E+02
      -0.741136550000000E+02       0.397407190000000E+02
      -0.741145168597295E+02       0.397391448275388E+02
      -0.741145520431226E+02       0.397390805656564E+02
      -0.741253082195671E+02       0.397194345882798E+02
      -0.741299573547579E+02       0.397109430201794E+02
      -0.741402335136904E+02       0.396921737868047E+02
      -0.741413591204415E+02       0.396901178847951E+02
      -0.741417330000000E+02       0.396894350000000E+02
      -0.741426363864554E+02       0.396882550258596E+02
      -0.741452633010705E+02       0.396848238350368E+02
      -0.741571184341777E+02       0.396693390439876E+02
      -0.741706616768149E+02       0.396516492989236E+02
      -0.741719696456591E+02       0.396499408723653E+02
      -0.741830922656356E+02       0.396354128662520E+02
      -0.741834207694085E+02       0.396349837852593E+02
      -0.741909740000000E+02       0.396251180000000E+02
      -0.742058788323042E+02       0.396039917874186E+02
      -0.742127576725727E+02       0.395942416715595E+02
      -0.742147618610812E+02       0.395914009208809E+02
      -0.742162416559986E+02       0.395893034493117E+02
      -0.742165118602464E+02       0.395889204599387E+02
      -0.742300952599932E+02       0.395696672550201E+02
      -0.742391398436383E+02       0.395568473994930E+02
      -0.742395232853492E+02       0.395563039065552E+02
      -0.742405060000000E+02       0.395549110000000E+02
      -0.742418117122610E+02       0.395538530625853E+02
      -0.742437394375885E+02       0.395522911466792E+02
      -0.742477243089080E+02       0.395490624533540E+02
      -0.742490430000000E+02       0.395479940000000E+02
      -0.742498579329645E+02       0.395470178756139E+02
      -0.742621723915875E+02       0.395322676521141E+02
      -0.742773700000000E+02       0.395140640000000E+02
      -0.742907432440789E+02       0.395080815547592E+02
      -0.742915850000000E+02       0.395077050000000E+02
      -0.742920257843483E+02       0.395076825664968E+02
      -0.742921437696585E+02       0.395076765616923E+02
      -0.742964861555236E+02       0.395074555580933E+02
      -0.743110370000000E+02       0.395067150000000E+02
      -0.743110465518220E+02       0.395066687500205E+02
      -0.743123996583599E+02       0.395001170000000E+02
      -0.743132683794986E+02       0.394959106470055E+02
      -0.743132751147902E+02       0.394958780346829E+02
      -0.743136890000000E+02       0.394938740000000E+02
      -0.743083440000000E+02       0.394839450000000E+02
      -0.743048380589449E+02       0.394829618421046E+02
      -0.743047780000000E+02       0.394829450000000E+02
      -0.743021840000000E+02       0.394789350000000E+02
      -0.743021912451670E+02       0.394789098650760E+02
      -0.743043430000000E+02       0.394714450000000E+02
      -0.743262714904433E+02       0.394430497609387E+02
      -0.743348040000000E+02       0.394320010000000E+02
      -0.743537494295471E+02       0.394143517189604E+02
      -0.743540022199201E+02       0.394141162232000E+02
      -0.743623623035797E+02       0.394063280933159E+02
      -0.743654668767124E+02       0.394034359190535E+02
      -0.743669900000000E+02       0.394020170000000E+02
      -0.743676689034319E+02       0.394015980333740E+02
      -0.743682665032495E+02       0.394012292410428E+02
      -0.743733580852316E+02       0.393980871109199E+02
      -0.743754666472307E+02       0.393967858697346E+02
      -0.743831873639362E+02       0.393920212412523E+02
      -0.743886785798232E+02       0.393886324880296E+02
      -0.743918115996643E+02       0.393866990307951E+02
      -0.743950159679689E+02       0.393847215428138E+02
      -0.744066920000000E+02       0.393775160000000E+02
      -0.744067920000000E+02       0.393739160000000E+02
      -0.744073241712209E+02       0.393706585228729E+02
      -0.744073976030219E+02       0.393702090389424E+02
      -0.744076865005080E+02       0.393684406664409E+02
      -0.744082370000000E+02       0.393650710000000E+02
      -0.744117323116530E+02       0.393617326046951E+02
      -0.744126920000000E+02       0.393608160000000E+02
      -0.744139732225472E+02       0.393603871343535E+02
      -0.744178552244357E+02       0.393590877057310E+02
      -0.744231272508035E+02       0.393573229920195E+02
      -0.744310287607190E+02       0.393546781071277E+02
      -0.744324722988538E+02       0.393541949093282E+02
      -0.744402816867012E+02       0.393515808606017E+02
      -0.744442751606566E+02       0.393502441187582E+02
      -0.744472421877864E+02       0.393492509610816E+02
      -0.744479912481687E+02       0.393490002269170E+02
      -0.744521625806200E+02       0.393476039502183E+02
      -0.744552707124404E+02       0.393465635603458E+02
      -0.744564889927489E+02       0.393461557634542E+02
      -0.744598940000000E+02       0.393450160000000E+02
      -0.744609554183257E+02       0.393444810299378E+02
      -0.744642067309113E+02       0.393428423217545E+02
      -0.744686897816338E+02       0.393405827998809E+02
      -0.744694010031122E+02       0.393402243340533E+02
      -0.744749620021104E+02       0.393374215107855E+02
      -0.744767229354038E+02       0.393365339751450E+02
      -0.744807690948130E+02       0.393344946527605E+02
      -0.744817184041765E+02       0.393340161872235E+02
      -0.744849436705526E+02       0.393323906067034E+02
      -0.744901246492432E+02       0.393297793191221E+02
      -0.744931396935434E+02       0.393282596935439E+02
      -0.744942035131840E+02       0.393277235131845E+02
      -0.744968348015928E+02       0.393263973060806E+02
      -0.745006788775069E+02       0.393244598366765E+02
      -0.745013420904511E+02       0.393241255678388E+02
      -0.745028470477640E+02       0.393233670477645E+02
      -0.745061056603007E+02       0.393217246603011E+02
      -0.745079673446717E+02       0.393207863446722E+02
      -0.745088316981297E+02       0.393203506981302E+02
      -0.745118236908689E+02       0.393188426908695E+02
      -0.745156909946904E+02       0.393168935142668E+02
      -0.745156915431084E+02       0.393168932378563E+02
      -0.745217970000000E+02       0.393138160000000E+02
      -0.745413242112932E+02       0.393003270968389E+02
      -0.745511510000000E+02       0.392935390000000E+02
      -0.745512177600483E+02       0.392933457226573E+02
      -0.745521293081992E+02       0.392907066951435E+02
      -0.745534390000000E+02       0.392869150000000E+02
      -0.745552117853618E+02       0.392849724347153E+02
      -0.745565217047479E+02       0.392835370641509E+02
      -0.745576116243707E+02       0.392823427627606E+02
      -0.745596279271936E+02       0.392801333583106E+02
      -0.745601274245502E+02       0.392795860240165E+02
      -0.745604441499696E+02       0.392792389657556E+02
      -0.745609570000000E+02       0.392786770000000E+02
      -0.745613346559140E+02       0.392785289964006E+02
      -0.745631899720917E+02       0.392778018967784E+02
      -0.745650870273659E+02       0.392770584395770E+02
      -0.745670560298098E+02       0.392762867862328E+02
      -0.745707869129183E+02       0.392748246507051E+02
      -0.745766670536013E+02       0.392725202197297E+02
      -0.745804092431007E+02       0.392710536532200E+02
      -0.745810080000000E+02       0.392708190000000E+02
      -0.745834916583040E+02       0.392690615103422E+02
      -0.745863257201031E+02       0.392670560676880E+02
      -0.745863571279455E+02       0.392670338428279E+02
      -0.745877228530600E+02       0.392660674265700E+02
      -0.745893882524082E+02       0.392648889544243E+02
      -0.745979210000000E+02       0.392588510000000E+02
      -0.745992478113682E+02       0.392577139162478E+02
      -0.746086075955999E+02       0.392496925359448E+02
      -0.746139987754829E+02       0.392450722687407E+02
      -0.746144810000000E+02       0.392446590000000E+02
      -0.746147352292152E+02       0.392443814737204E+02
      -0.746150775709008E+02       0.392440077605172E+02
      -0.746197137135762E+02       0.392389467708612E+02
      -0.746320854559896E+02       0.392254413063481E+02
      -0.746359692387320E+02       0.392212016214072E+02
      -0.746363060000000E+02       0.392208340000000E+02
      -0.746465950000000E+02       0.392120020000000E+02
      -0.746471204111987E+02       0.392105471485289E+02
      -0.746480603375023E+02       0.392079445143088E+02
      -0.746514430000000E+02       0.391985780000000E+02
      -0.746524998048275E+02       0.391975852263251E+02
      -0.746695546448000E+02       0.391815637285854E+02
      -0.746702254243660E+02       0.391809335911395E+02
      -0.746714300000000E+02       0.391798020000000E+02
      -0.746733730203312E+02       0.391770852762269E+02
      -0.746895401437443E+02       0.391544804646275E+02
      -0.746899858958806E+02       0.391538572156546E+02
      -0.746929640830270E+02       0.391496931255050E+02
      -0.747002626418919E+02       0.391394883077478E+02
      -0.747027553507135E+02       0.391360030115796E+02
      -0.747055641105391E+02       0.391320758140774E+02
      -0.747071276655940E+02       0.391298896572368E+02
      -0.747098054846409E+02       0.391261455406426E+02
      -0.747098068797495E+02       0.391261435900070E+02
      -0.747143410000000E+02       0.391198040000000E+02
      -0.747153200000000E+02       0.391168930000000E+02
      -0.747141350000000E+02       0.391146310000000E+02
      -0.747044090000000E+02       0.391078580000000E+02
      -0.747044548914464E+02       0.391077040587540E+02
      -0.747058760000000E+02       0.391029370000000E+02
      -0.747118577401392E+02       0.390977352463216E+02
      -0.747123657702164E+02       0.390972934606103E+02
      -0.747138698205343E+02       0.390959855302937E+02
      -0.747238028472704E+02       0.390873477163533E+02
      -0.747383160000000E+02       0.390747270000000E+02
      -0.747477047770510E+02       0.390627409420728E+02
      -0.747559210062081E+02       0.390522518018914E+02
      -0.747787770000000E+02       0.390230730000000E+02
      -0.747860560400313E+02       0.390010217057503E+02
      -0.747863560000000E+02       0.390001130000000E+02
      -0.747864847877467E+02       0.389999487131963E+02
      -0.747867444413208E+02       0.389996174887061E+02
      -0.747927230000000E+02       0.389919910000000E+02
      -0.748018441086697E+02       0.389883633272548E+02
      -0.748028244735448E+02       0.389879734138060E+02
      -0.748079170000000E+02       0.389859480000000E+02
      -0.748105536911196E+02       0.389844388822183E+02
      -0.748193540000000E+02       0.389794020000000E+02
      -0.748223939816099E+02       0.389769943392130E+02
      -0.748273770137139E+02       0.389730477854054E+02
      -0.748293788605890E+02       0.389714623257411E+02
      -0.748467578262382E+02       0.389576982115185E+02
      -0.748507480000000E+02       0.389545380000000E+02
      -0.748644580000000E+02       0.389404100000000E+02
      -0.748651980000000E+02       0.389414390000000E+02
      -0.748687023604831E+02       0.389428304275253E+02
      -0.748704970000000E+02       0.389435430000000E+02
      -0.748823090000000E+02       0.389417590000000E+02
      -0.748825093715909E+02       0.389416799155416E+02
      -0.748866321922001E+02       0.389400526836897E+02
      -0.748905690807414E+02       0.389384988371756E+02
      -0.749070500000000E+02       0.389319940000000E+02
      -0.749103115739221E+02       0.389312964859122E+02
      -0.749157529500505E+02       0.389301328034088E+02
      -0.749198355011023E+02       0.389292597166903E+02
      -0.749204140000000E+02       0.389291360000000E+02
      -0.749216204899335E+02       0.389290794214267E+02
      -0.749257323688748E+02       0.389288865940871E+02
      -0.749335710000000E+02       0.389285190000000E+02
      -0.749599151512075E+02       0.389308765071752E+02
      -0.749634630000000E+02       0.389311940000000E+02
      -0.749672740000000E+02       0.389334130000000E+02
      -0.749719950000000E+02       0.389403700000000E+02
      -0.749647541801665E+02       0.389668796200879E+02
      -0.749645027885639E+02       0.389677999987234E+02
      -0.749642081027909E+02       0.389688788831685E+02
      -0.749602249732816E+02       0.389834616586662E+02
      -0.749595890708449E+02       0.389857897834362E+02
      -0.749574525908107E+02       0.389936117256106E+02
      -0.749567570203839E+02       0.389961583029570E+02
      -0.749566023659775E+02       0.389967245136422E+02
      -0.749553630000000E+02       0.390012620000000E+02
      -0.749532514406871E+02       0.390064128001227E+02
      -0.749524603848849E+02       0.390083424500728E+02
      -0.749499174181578E+02       0.390145455973158E+02
      -0.749494700000000E+02       0.390156370000000E+02
      -0.749493788856965E+02       0.390157967401260E+02
      -0.749493616472204E+02       0.390158269623439E+02
      -0.749461434355405E+02       0.390214690791079E+02
      -0.749457797556043E+02       0.390221066769011E+02
      -0.749431128059165E+02       0.390267823300399E+02
      -0.749411697418842E+02       0.390301888785334E+02
      -0.749384881136181E+02       0.390348902659187E+02
      -0.749384881136181E+02       0.390348902659187E+02
      -0.749384396563448E+02       0.390349752204279E+02
      -0.749383200000000E+02       0.390351850000000E+02
      -0.749363476321058E+02       0.390381588044555E+02
      -0.749358484063867E+02       0.390389115036208E+02
      -0.749354884452176E+02       0.390394542290077E+02
      -0.749280881931898E+02       0.390506118342985E+02
      -0.749257639173925E+02       0.390541162219647E+02
      -0.749190896450132E+02       0.390641792436742E+02
      -0.749085320897485E+02       0.390800972197155E+02
      -0.749053809651595E+02       0.390848482747139E+02
      -0.749036640000000E+02       0.390874370000000E+02
      -0.749009768737093E+02       0.390926348527943E+02
      -0.749009065699414E+02       0.390927708451508E+02
      -0.748977840000000E+02       0.390988110000000E+02
      -0.748953102997434E+02       0.391055996232744E+02
      -0.748925470000000E+02       0.391131830000000E+02
      -0.748924543419520E+02       0.391136082799057E+02
      -0.748921820228229E+02       0.391148581643570E+02
      -0.748859140000000E+02       0.391436270000000E+02
      -0.748871016848546E+02       0.391580327736791E+02
      -0.748871670000000E+02       0.391588250000000E+02
      -0.748876095183107E+02       0.391592209917380E+02
      -0.748878739311408E+02       0.391594576040851E+02
      -0.748918939826718E+02       0.391630549856040E+02
      -0.748921627973956E+02       0.391632955370277E+02
      -0.749049084405313E+02       0.391747010975555E+02
      -0.749051810000000E+02       0.391749450000000E+02
      -0.749081301725896E+02       0.391757334774115E+02
      -0.749148286080195E+02       0.391775243407361E+02
      -0.749149048616759E+02       0.391775447275679E+02
      -0.749356138186358E+02       0.391830813804024E+02
      -0.749606329412535E+02       0.391897703795841E+02
      -0.749623820000000E+02       0.391902380000000E+02
      -0.749655561291071E+02       0.391907027799247E+02
      -0.749721202497675E+02       0.391916639479817E+02
      -0.749759293861962E+02       0.391922217104679E+02
      -0.749762660000000E+02       0.391922710000000E+02
      -0.749775490765981E+02       0.391922109074357E+02
      -0.749875404171800E+02       0.391917429655553E+02
      -0.749980020000000E+02       0.391912530000000E+02
      -0.749982254890562E+02       0.391912717820593E+02
      -0.750107292106194E+02       0.391923225970028E+02
      -0.750261790000000E+02       0.391936210000000E+02
      -0.750288850000000E+02       0.391945600000000E+02
      -0.750278240000000E+02       0.391994820000000E+02
      -0.750235860000000E+02       0.392025940000000E+02
      -0.750234370000000E+02       0.392047910000000E+02
      -0.750257861267185E+02       0.392088346311905E+02
      -0.750261794269172E+02       0.392095116321110E+02
      -0.750263760000000E+02       0.392098500000000E+02
      -0.750302983546203E+02       0.392121980963277E+02
      -0.750356720000000E+02       0.392154150000000E+02
      -0.750416630000000E+02       0.392155110000000E+02
      -0.750445865466030E+02       0.392136955795548E+02
      -0.750477970000000E+02       0.392117020000000E+02
      -0.750523260000000E+02       0.392136090000000E+02
      -0.750625060000000E+02       0.392135640000000E+02
      -0.750863950000000E+02       0.392081590000000E+02
      -0.750963095094100E+02       0.392105305094308E+02
      -0.751010190000000E+02       0.392116570000000E+02
      -0.751072860000000E+02       0.392114030000000E+02
      -0.751079788767778E+02       0.392110456048354E+02
      -0.751109211464805E+02       0.392095279425351E+02
      -0.751147480000000E+02       0.392075540000000E+02
      -0.751224989615635E+02       0.391963647365452E+02
      -0.751270700000000E+02       0.391897660000000E+02
      -0.751365480000000E+02       0.391794250000000E+02
      -0.751391360000000E+02       0.391800210000000E+02
      -0.751486385303160E+02       0.391877457220514E+02
      -0.751576306191089E+02       0.391950555000028E+02
      -0.751659790000000E+02       0.392018420000000E+02
      -0.751653583032561E+02       0.392096014976523E+02
      -0.751647980000000E+02       0.392166060000000E+02
      -0.751704440000000E+02       0.392346430000000E+02
      -0.751775060000000E+02       0.392427460000000E+02
      -0.752058570000000E+02       0.392626190000000E+02
      -0.752119495313557E+02       0.392627435429527E+02
      -0.752125100000000E+02       0.392627550000000E+02
      -0.752204525786935E+02       0.392658476131189E+02
      -0.752242802321216E+02       0.392673379919573E+02
      -0.752359812718155E+02       0.392718940423609E+02
      -0.752411247340704E+02       0.392738967595464E+02
      -0.752416390000000E+02       0.392740970000000E+02
      -0.752440560000000E+02       0.392776900000000E+02
      -0.752428810000000E+02       0.392805740000000E+02
      -0.752437131493337E+02       0.392834639711956E+02
      -0.752443570000000E+02       0.392857000000000E+02
      -0.752514446262448E+02       0.392992234839330E+02
      -0.752517079941587E+02       0.392997260008025E+02
      -0.752518060000000E+02       0.392999130000000E+02
      -0.752537084864698E+02       0.393003091793950E+02
      -0.752626238072189E+02       0.393021657320890E+02
      -0.752678285718791E+02       0.393032495876364E+02
      -0.752716290000000E+02       0.393040410000000E+02
      -0.752815578842773E+02       0.392995368223085E+02
      -0.752826200000000E+02       0.392990550000000E+02
      -0.752853330000000E+02       0.392922120000000E+02
      -0.752888980000000E+02       0.392895570000000E+02
      -0.752921253600942E+02       0.392918494592067E+02
      -0.753060100000000E+02       0.393017120000000E+02
      -0.753152010000000E+02       0.393105930000000E+02
      -0.753220088145298E+02       0.393234861863510E+02
      -0.753267540000000E+02       0.393324730000000E+02
      -0.753273546802995E+02       0.393382315669902E+02
      -0.753274630000000E+02       0.393392700000000E+02
      -0.753292699968610E+02       0.393410151331150E+02
      -0.753337430000000E+02       0.393453350000000E+02
      -0.753419690000000E+02       0.393486970000000E+02
      -0.753555580000000E+02       0.393478230000000E+02
      -0.753580914751650E+02       0.393460992832854E+02
      -0.753613673341709E+02       0.393438704661250E+02
      -0.753650160000000E+02       0.393413880000000E+02
      -0.753900300000000E+02       0.393582590000000E+02
      -0.753943310000000E+02       0.393637530000000E+02
      -0.753948361974789E+02       0.393682968055598E+02
      -0.753950579607217E+02       0.393702913702560E+02
      -0.753951810000000E+02       0.393713980000000E+02
      -0.753976820705317E+02       0.393763067224698E+02
      -0.753991976651036E+02       0.393792813019690E+02
      -0.753993040000000E+02       0.393794900000000E+02
      -0.753996938560953E+02       0.393796102490988E+02
      -0.754028531318772E+02       0.393805847113941E+02
      -0.754071893798612E+02       0.393819222046854E+02
      -0.754134921527090E+02       0.393838662624127E+02
      -0.754220990000000E+02       0.393865210000000E+02
      -0.754221423349204E+02       0.393865437928106E+02
      -0.754318030000000E+02       0.393916250000000E+02
      -0.754423930000000E+02       0.394022910000000E+02
      -0.754477201846678E+02       0.394108445176408E+02
      -0.754515438897134E+02       0.394169839947942E+02
      -0.754582610353481E+02       0.394277692833218E+02
      -0.754651213562206E+02       0.394387844591160E+02
      -0.754652120000000E+02       0.394389300000000E+02
      -0.754653796015660E+02       0.394389178240120E+02
      -0.754762790000000E+02       0.394381260000000E+02
      -0.754835720000000E+02       0.394408240000000E+02
      -0.754983892439297E+02       0.394489386200580E+02
      -0.755050836863369E+02       0.394526048117527E+02
      -0.755056720000000E+02       0.394529270000000E+02
      -0.755058319013536E+02       0.394532929269634E+02
      -0.755068049279027E+02       0.394555196538947E+02
      -0.755083830000000E+02       0.394591310000000E+02
      -0.755344241023932E+02       0.394604568233820E+02
      -0.755360081838820E+02       0.394605374732809E+02
      -0.755364310000000E+02       0.394605590000000E+02
      -0.755365799085442E+02       0.394607868210870E+02
      -0.755428940000000E+02       0.394704470000000E+02
      -0.755439596014499E+02       0.394770654404840E+02
      -0.755443680000000E+02       0.394796020000000E+02
      -0.755442755119971E+02       0.394805388068402E+02
      -0.755426930000000E+02       0.394965680000000E+02
      -0.755426930000000E+02       0.394965680000000E+02
      -0.755280880000000E+02       0.394981140000000E+02
      -0.755271410000000E+02       0.395001120000000E+02
      -0.755277343287785E+02       0.395004095968772E+02
      -0.755277343287785E+02       0.395004095968772E+02
      -0.755287939485518E+02       0.395009410720846E+02
      -0.755293680000000E+02       0.395012290000000E+02
      -0.755293900310058E+02       0.395013472596997E+02
      -0.755301400000000E+02       0.395053730000000E+02
      -0.755299849857770E+02       0.395105822433943E+02
      -0.755299780000000E+02       0.395108170000000E+02
      -0.755266540000000E+02       0.395266380000000E+02
      -0.755267870000000E+02       0.395314400000000E+02
      -0.755276760000000E+02       0.395352780000000E+02
      -0.755315750000000E+02       0.395368250000000E+02
      -0.755340140000000E+02       0.395407020000000E+02
      -0.755323420000000E+02       0.395432800000000E+02
      -0.755260030000000E+02       0.395484880000000E+02
      -0.755190260000000E+02       0.395554010000000E+02
      -0.755147560000000E+02       0.395626120000000E+02
      -0.755139511001777E+02       0.395640382460025E+02
      -0.755139511001777E+02       0.395640382460025E+02
      -0.755119320000000E+02       0.395676160000000E+02
      -0.755127320000000E+02       0.395780000000000E+02
      -0.755127320000000E+02       0.395780000000000E+02
      -0.755152280000000E+02       0.395807520000000E+02
      -0.755196280000000E+02       0.395832480000000E+02
      -0.755215960000000E+02       0.395830880000000E+02
      -0.755256770000000E+02       0.395840480000000E+02
      -0.755311330000000E+02       0.395879840000000E+02
      -0.755344770000000E+02       0.395903840000000E+02
      -0.755372130000000E+02       0.395929440000000E+02
      -0.755395400000000E+02       0.395942510000000E+02
      -0.755399490000000E+02       0.395943840000000E+02
      -0.755439650000000E+02       0.395960000000000E+02
      -0.755454050000000E+02       0.395967840000000E+02
      -0.755535020000000E+02       0.396020000000000E+02
      -0.755558700000000E+02       0.396058240000000E+02
      -0.755558700000000E+02       0.396058240000000E+02
      -0.755567340000000E+02       0.396066880000000E+02
      -0.755575020000000E+02       0.396091840000000E+02
      -0.755568780000000E+02       0.396121440000000E+02
      -0.755584460000000E+02       0.396172960000000E+02
      -0.755596140000000E+02       0.396242080000000E+02
      -0.755591020000000E+02       0.396290560000000E+02
      -0.755594460000000E+02       0.396298120000000E+02
      -0.755594460000000E+02       0.396298120000000E+02
      -0.755578259737647E+02       0.396323939168126E+02
      -0.755562460000000E+02       0.396349120000000E+02
      -0.755506450000000E+02       0.396379120000000E+02
      -0.755505308971645E+02       0.396379985699007E+02
      -0.755471970000000E+02       0.396405280000000E+02
      -0.755445800886362E+02       0.396433135477328E+02
      -0.755444938792081E+02       0.396434053125821E+02
      -0.755429624653108E+02       0.396450354123128E+02
      -0.755429526039339E+02       0.396450459091666E+02
      -0.755420450000000E+02       0.396460120000000E+02
      -0.755392768082659E+02       0.396461108639905E+02
      -0.755392450000000E+02       0.396461120000000E+02
      -0.755355716695896E+02       0.396470972873571E+02
      -0.755351440000000E+02       0.396472120000000E+02
      -0.755321688124482E+02       0.396500104472437E+02
      -0.755318399757489E+02       0.396503197494772E+02
      -0.755290540807357E+02       0.396529401490604E+02
      -0.755290540807357E+02       0.396529401490604E+02
      -0.755288489703639E+02       0.396531330748993E+02
      -0.755267440000000E+02       0.396551130000000E+02
      -0.755268440000000E+02       0.396557130000000E+02
      -0.755263440000000E+02       0.396564130000000E+02
      -0.755263440000000E+02       0.396564130000000E+02
      -0.755252922268890E+02       0.396575696612568E+02
      -0.755250291999185E+02       0.396578589186100E+02
      -0.755223430000000E+02       0.396608130000000E+02
      -0.755193712155079E+02       0.396631161329814E+02
      -0.755191905949367E+02       0.396632561139241E+02
      -0.755183430000000E+02       0.396639130000000E+02
      -0.755159529699366E+02       0.396669489841346E+02
      -0.755146430000000E+02       0.396686130000000E+02
      -0.755117430000000E+02       0.396743130000000E+02
      -0.755114188822951E+02       0.396757979207638E+02
      -0.755093420000000E+02       0.396853130000000E+02
      -0.755097420000000E+02       0.396861130000000E+02
      -0.755097420000000E+02       0.396861130000000E+02
      -0.755090420000000E+02       0.396945130000000E+02
      -0.755071620000000E+02       0.396969610000000E+02
      -0.755040420000000E+02       0.396983130000000E+02
      -0.755040420000000E+02       0.396983130000000E+02
      -0.754962410000000E+02       0.397014130000000E+02
      -0.754913410000000E+02       0.397111130000000E+02
      -0.754885530000000E+02       0.397148330000000E+02
      -0.754852410000000E+02       0.397158130000000E+02
      -0.754831410000000E+02       0.397155130000000E+02
      -0.754824186969707E+02       0.397150143856737E+02
      -0.754817406666667E+02       0.397145463333333E+02
      -0.754789400000000E+02       0.397138130000000E+02
      -0.754776400000000E+02       0.397150130000000E+02
      -0.754776180600153E+02       0.397151099794004E+02
      -0.754776180547393E+02       0.397151100027214E+02
      -0.754776179901680E+02       0.397151102881402E+02
      -0.754768880000000E+02       0.397183370000000E+02
      -0.754774320000000E+02       0.397205610000000E+02
      -0.754774320000000E+02       0.397205610000000E+02
      -0.754772400000000E+02       0.397247130000000E+02
      -0.754754400000000E+02       0.397287130000000E+02
      -0.754753840000000E+02       0.397310570000000E+02
      -0.754748356292360E+02       0.397330484517220E+02
      -0.754748356292360E+02       0.397330484517220E+02
      -0.754741680000000E+02       0.397354730000000E+02
      -0.754718811496928E+02       0.397392496203085E+02
      -0.754718811496928E+02       0.397392496203085E+02
      -0.754692390000000E+02       0.397436130000000E+02
      -0.754662630000000E+02       0.397507370000000E+02
      -0.754662490000000E+02       0.397507690000000E+02
      -0.754650928817452E+02       0.397534860579795E+02
      -0.754630390000000E+02       0.397583130000000E+02
      -0.754633390000000E+02       0.397612130000000E+02
      -0.754594390000000E+02       0.397658130000000E+02
      -0.754523390000000E+02       0.397690130000000E+02
      -0.754473390000000E+02       0.397733130000000E+02
      -0.754481350000000E+02       0.397739690000000E+02
      -0.754481350000000E+02       0.397739690000000E+02
      -0.754486390000000E+02       0.397741130000000E+02
      -0.754379380000000E+02       0.397834130000000E+02
      -0.754053370000000E+02       0.397962130000000E+02
      -0.754150410000000E+02       0.398017860000000E+02
      -0.754150410000000E+02       0.398017860000000E+02
      -0.754051647804146E+02       0.398067887630349E+02
      -0.754037370000000E+02       0.398075120000000E+02
      -0.753998351163667E+02       0.398098174838527E+02
      -0.753984826972342E+02       0.398106165800752E+02
      -0.753905360000000E+02       0.398153120000000E+02
      -0.753718350000000E+02       0.398276120000000E+02
      -0.753717165603245E+02       0.398276955904908E+02
      -0.753544000000000E+02       0.398399170000000E+02
      -0.753486587022505E+02       0.398427183534330E+02
      -0.753456808301689E+02       0.398441713476066E+02
      -0.753417650000000E+02       0.398460820000000E+02
      -0.753304330000000E+02       0.398490120000000E+02
      -0.753232320000000E+02       0.398498120000000E+02
      -0.753096740000000E+02       0.398501790000000E+02
      -0.752933760000000E+02       0.398487820000000E+02
      -0.752731425589334E+02       0.398493812530144E+02
      -0.752711590000000E+02       0.398494400000000E+02
      -0.752571682444382E+02       0.398520420746694E+02
      -0.752434310000000E+02       0.398545970000000E+02
      -0.752350260000000E+02       0.398566130000000E+02
      -0.752287099989363E+02       0.398586429981992E+02
      -0.752210250000000E+02       0.398611130000000E+02
      -0.752104250000000E+02       0.398659130000000E+02
      -0.752104250000000E+02       0.398659130000000E+02
      -0.752002599232004E+02       0.398733848463993E+02
      -0.751953240000000E+02       0.398770130000000E+02
      -0.751950373526773E+02       0.398771897363929E+02
      -0.751950369654240E+02       0.398771899751593E+02
      -0.751893230000000E+02       0.398807130000000E+02
      -0.751830230000000E+02       0.398820130000000E+02
      -0.751507210000000E+02       0.398827130000000E+02
      -0.751454210000000E+02       0.398842130000000E+02
      -0.751424210000000E+02       0.398864130000000E+02
      -0.751402210000000E+02       0.398882130000000E+02
      -0.751334200000000E+02       0.398962130000000E+02
      -0.751308200000000E+02       0.399002130000000E+02
      -0.751296166292136E+02       0.399050264831456E+02
      -0.751290952650178E+02       0.399071119399288E+02
      -0.751279200000000E+02       0.399118130000000E+02
      -0.751301200000000E+02       0.399170130000000E+02
      -0.751313587559380E+02       0.399191230142810E+02
      -0.751328200000000E+02       0.399216120000000E+02
      -0.751350200000000E+02       0.399273120000000E+02
      -0.751361200000000E+02       0.399339120000000E+02
      -0.751357235922330E+02       0.399469934563106E+02
      -0.751357200000000E+02       0.399471120000000E+02
      -0.751355639117929E+02       0.399476299290509E+02
      -0.751350081253645E+02       0.399494741294723E+02
      -0.751340074672870E+02       0.399527944949113E+02
      -0.751335200000000E+02       0.399544120000000E+02
      -0.751301200000000E+02       0.399587120000000E+02
      -0.751269200000000E+02       0.399611120000000E+02
      -0.751241041024461E+02       0.399626845142184E+02
      -0.751192200000000E+02       0.399654120000000E+02
      -0.751081190000000E+02       0.399703120000000E+02
      -0.750937180000000E+02       0.399744120000000E+02
      -0.750886180000000E+02       0.399752120000000E+02
      -0.750720170000000E+02       0.399806120000000E+02
      -0.750693813102268E+02       0.399830246698693E+02
      -0.750675450047534E+02       0.399847055956488E+02
      -0.750606734077319E+02       0.399909957498455E+02
      -0.750590170000000E+02       0.399925120000000E+02
      -0.750512170000000E+02       0.400045120000000E+02
      -0.750470160000000E+02       0.400089120000000E+02
      -0.750423307796024E+02       0.400114067277442E+02
      -0.750393160000000E+02       0.400130120000000E+02
      -0.750298898202510E+02       0.400155858726183E+02
      -0.750199342575326E+02       0.400183042963025E+02
      -0.750155150000000E+02       0.400195110000000E+02
      -0.750148628285584E+02       0.400197777974079E+02
      -0.750140867360120E+02       0.400200952898133E+02
      -0.750128674189301E+02       0.400205941013468E+02
      -0.750111150000000E+02       0.400213110000000E+02
      -0.750079140000000E+02       0.400231110000000E+02
      -0.749899140000000E+02       0.400373110000000E+02
      -0.749839130000000E+02       0.400427110000000E+02
      -0.749747130000000E+02       0.400487110000000E+02
      -0.749747130000000E+02       0.400487110000000E+02
      -0.749620837188461E+02       0.400547545159477E+02
      -0.749444120000000E+02       0.400632110000000E+02
      -0.749322110000000E+02       0.400684110000000E+02
      -0.749279541292205E+02       0.400698293399887E+02
      -0.749253110000000E+02       0.400707100000000E+02
      -0.749208110000000E+02       0.400711100000000E+02
      -0.749119110000000E+02       0.400699100000000E+02
      -0.749090110000000E+02       0.400702100000000E+02
      -0.749030998806610E+02       0.400717713541011E+02
      -0.748985817319137E+02       0.400729647710619E+02
      -0.748878100000000E+02       0.400758100000000E+02
      -0.748802090000000E+02       0.400788100000000E+02
      -0.748692979547813E+02       0.400810720459600E+02
      -0.748638090000000E+02       0.400822100000000E+02
      -0.748609090000000E+02       0.400837100000000E+02
      -0.748598090000000E+02       0.400849100000000E+02
      -0.748582090000000E+02       0.400888100000000E+02
      -0.748565090000000E+02       0.400913100000000E+02
      -0.748544090000000E+02       0.400931100000000E+02
      -0.748511080000000E+02       0.400949100000000E+02
      -0.748434080000000E+02       0.400977100000000E+02
      -0.748380080000000E+02       0.401009100000000E+02
      -0.748351080000000E+02       0.401039100000000E+02
      -0.748328080000000E+02       0.401117100000000E+02
      -0.748284080000000E+02       0.401203100000000E+02
      -0.748259070000000E+02       0.401239100000000E+02
      -0.748223070000000E+02       0.401267100000000E+02
      -0.748190070000000E+02       0.401275100000000E+02
      -0.748163070000000E+02       0.401276100000000E+02
      -0.748128070000000E+02       0.401269100000000E+02
      -0.748098808402657E+02       0.401259266184499E+02
      -0.748006070000000E+02       0.401228100000000E+02
      -0.747910312201417E+02       0.401208789125569E+02
      -0.747887060000000E+02       0.401204100000000E+02
      -0.747863999970875E+02       0.401203459443635E+02
      -0.747851060000000E+02       0.401203100000000E+02
      -0.747821060000000E+02       0.401208100000000E+02
      -0.747754945648029E+02       0.401251772778862E+02
      -0.747694880000000E+02       0.401291450000000E+02
      -0.747630896034382E+02       0.401324253373678E+02
      -0.747628640000000E+02       0.401325410000000E+02
      -0.747588820000000E+02       0.401340360000000E+02
      -0.747587819107815E+02       0.401340548594166E+02
      -0.747571696697392E+02       0.401343586476365E+02
      -0.747553050000000E+02       0.401347100000000E+02
      -0.747545457632834E+02       0.401346696150683E+02
      -0.747459050000000E+02       0.401342100000000E+02
      -0.747429050000000E+02       0.401344100000000E+02
      -0.747406050000000E+02       0.401352100000000E+02
      -0.747256630000000E+02       0.401454950000000E+02
      -0.747243040000000E+02       0.401470100000000E+02
      -0.747226040000000E+02       0.401500100000000E+02
      -0.747216040000000E+02       0.401538100000000E+02
      -0.747215040000000E+02       0.401584090000000E+02
      -0.747223040000000E+02       0.401606090000000E+02
      -0.747338040000000E+02       0.401745090000000E+02
      -0.747372050000000E+02       0.401776090000000E+02
      -0.747441050000000E+02       0.401810090000000E+02
      -0.747517050000000E+02       0.401833090000000E+02
      -0.747521968918915E+02       0.401836684594592E+02
      -0.747543050000000E+02       0.401852090000000E+02
      -0.747556050000000E+02       0.401867090000000E+02
      -0.747569050000000E+02       0.401894090000000E+02
      -0.747602268026183E+02       0.401979379526687E+02
      -0.747606050000000E+02       0.401989090000000E+02
      -0.747640010591133E+02       0.402036527016186E+02
      -0.747669050000000E+02       0.402077090000000E+02
      -0.747704060000000E+02       0.402145080000000E+02
      -0.747705811982316E+02       0.402146716285371E+02
      -0.747707567130632E+02       0.402148355527666E+02
      -0.747711051589199E+02       0.402151609880478E+02
      -0.747713600000000E+02       0.402153990000000E+02
      -0.747770907497587E+02       0.402189546723823E+02
      -0.747778125095911E+02       0.402194024918842E+02
      -0.747782367366938E+02       0.402196657057142E+02
      -0.747812060000000E+02       0.402215080000000E+02
      -0.747829375789473E+02       0.402224781754386E+02
      -0.747842747143482E+02       0.402232273505923E+02
      -0.747857009945161E+02       0.402240264721047E+02
      -0.747873244647532E+02       0.402249360759965E+02
      -0.747890846021083E+02       0.402259222522451E+02
      -0.747953060000000E+02       0.402294080000000E+02
      -0.748012903526032E+02       0.402316582214243E+02
      -0.748195070000000E+02       0.402385080000000E+02
      -0.748239070000000E+02       0.402415080000000E+02
      -0.748363070000000E+02       0.402462080000000E+02
      -0.748423080000000E+02       0.402505080000000E+02
      -0.748466080000000E+02       0.402588080000000E+02
      -0.748531080000000E+02       0.402697070000000E+02
      -0.748565080000000E+02       0.402774070000000E+02
      -0.748604920000000E+02       0.402845840000000E+02
      -0.748646920000000E+02       0.402906840000000E+02
      -0.748682090000000E+02       0.402952070000000E+02
      -0.748806090000000E+02       0.403056070000000E+02
      -0.748828044490916E+02       0.403071944785739E+02
      -0.748828285376282E+02       0.403072118964389E+02
      -0.748864128942975E+02       0.403098036620305E+02
      -0.748864661428571E+02       0.403098421648351E+02
      -0.748871090000000E+02       0.403103070000000E+02
      -0.748916090000000E+02       0.403130070000000E+02
      -0.748964090000000E+02       0.403151070000000E+02
      -0.749033100000000E+02       0.403156070000000E+02
      -0.749083100000000E+02       0.403169070000000E+02
      -0.749174100000000E+02       0.403224060000000E+02
      -0.749268100000000E+02       0.403294060000000E+02
      -0.749331110000000E+02       0.403331060000000E+02
      -0.749397110000000E+02       0.403380060000000E+02
      -0.749430990146724E+02       0.403418049104248E+02
      -0.749437760000000E+02       0.403425640000000E+02
      -0.749450880000000E+02       0.403473320000000E+02
      -0.749457966684464E+02       0.403550316286327E+02
      -0.749458054506422E+02       0.403551270465202E+02
      -0.749460060000000E+02       0.403573060000000E+02
      -0.749487220000000E+02       0.403647680000000E+02
      -0.749536970000000E+02       0.403760810000000E+02
      -0.749538707474718E+02       0.403764042883784E+02
      -0.749539171112707E+02       0.403764905565537E+02
      -0.749576948669039E+02       0.403835197494381E+02
      -0.749639970000000E+02       0.403952460000000E+02
      -0.749640522176880E+02       0.403953224130943E+02
      -0.749655080000000E+02       0.403973370000000E+02
      -0.749673100727176E+02       0.403984092530990E+02
      -0.749695970000000E+02       0.403997700000000E+02
      -0.749820237629995E+02       0.404041796185952E+02
      -0.749827350000000E+02       0.404044320000000E+02
      -0.749854670000000E+02       0.404059350000000E+02
      -0.749862810697074E+02       0.404066077809638E+02
      -0.749863057234846E+02       0.404066281558676E+02
      -0.749889010000000E+02       0.404087730000000E+02
      -0.749891882262512E+02       0.404088404176904E+02
      -0.749963780000000E+02       0.404105280000000E+02
      -0.749986510000000E+02       0.404100930000000E+02
      -0.750033510000000E+02       0.404078500000000E+02
      -0.750172210000000E+02       0.404046380000000E+02
      -0.750247750000000E+02       0.404034550000000E+02
      -0.750256371801800E+02       0.404035592409935E+02
      -0.750270610303441E+02       0.404037313901094E+02
      -0.750283150000000E+02       0.404038830000000E+02
      -0.750366160000000E+02       0.404067960000000E+02
      -0.750416510000000E+02       0.404098940000000E+02
      -0.750430710000000E+02       0.404116030000000E+02
      -0.750435290765044E+02       0.404118977470512E+02
      -0.750438738971612E+02       0.404121196201898E+02
      -0.750451393530270E+02       0.404129338714804E+02
      -0.750464730000000E+02       0.404137920000000E+02
      -0.750468342171079E+02       0.404138773056084E+02
      -0.750493418674768E+02       0.404144695163197E+02
      -0.750545880175500E+02       0.404157084554895E+02
      -0.750561020000000E+02       0.404160660000000E+02
      -0.750566826363355E+02       0.404164886846448E+02
      -0.750588480000000E+02       0.404180650000000E+02
      -0.750614890000000E+02       0.404228480000000E+02
      -0.750629230000000E+02       0.404334070000000E+02
      -0.750674250000000E+02       0.404483230000000E+02
      -0.750705680000000E+02       0.404551650000000E+02
      -0.750705680000000E+02       0.404563480000000E+02
      -0.750673020000000E+02       0.404649540000000E+02
      -0.750680500000000E+02       0.404685780000000E+02
      -0.750677760000000E+02       0.404728270000000E+02
      -0.750643270000000E+02       0.404767950000000E+02
      -0.750622270000000E+02       0.404813910000000E+02
      -0.750619370000000E+02       0.404863620000000E+02
      -0.750623730000000E+02       0.404916890000000E+02
      -0.750627639293461E+02       0.404934392911764E+02
      -0.750652750000000E+02       0.405046820000000E+02
      -0.750660010000000E+02       0.405107160000000E+02
      -0.750658845580736E+02       0.405176230518389E+02
      -0.750658530000000E+02       0.405194950000000E+02
      -0.750650900000000E+02       0.405261480000000E+02
      -0.750664020000000E+02       0.405365320000000E+02
      -0.750672570000000E+02       0.405395840000000E+02
      -0.750686150000000E+02       0.405422230000000E+02
      -0.750785030000000E+02       0.405482960000000E+02
      -0.750870730496758E+02       0.405563218562556E+02
      -0.750957000000000E+02       0.405644010000000E+02
      -0.750995976051509E+02       0.405672746937437E+02
      -0.751003250000000E+02       0.405678110000000E+02
      -0.751011428369282E+02       0.405680321205913E+02
      -0.751013033344552E+02       0.405680755147043E+02
      -0.751109030000000E+02       0.405706710000000E+02
      -0.751172920000000E+02       0.405732110000000E+02
      -0.751222339846669E+02       0.405738511008101E+02
      -0.751367480000000E+02       0.405757310000000E+02
      -0.751419060000000E+02       0.405752730000000E+02
      -0.751473680000000E+02       0.405731520000000E+02
      -0.751486169025339E+02       0.405722652093039E+02
      -0.751584460000000E+02       0.405652860000000E+02
      -0.751587498112565E+02       0.405652042970858E+02
      -0.751628710000000E+02       0.405640960000000E+02
      -0.751686090000000E+02       0.405641110000000E+02
      -0.751753070000000E+02       0.405649960000000E+02
      -0.751819276044836E+02       0.405669862327094E+02
      -0.751831510000000E+02       0.405673540000000E+02
      -0.751840442833015E+02       0.405678651593237E+02
      -0.751854690371216E+02       0.405686804395353E+02
      -0.751867370000000E+02       0.405694060000000E+02
      -0.751872477646668E+02       0.405698472679250E+02
      -0.751923520000000E+02       0.405742570000000E+02
      -0.751940460000000E+02       0.405762560000000E+02
      -0.751948700000000E+02       0.405785910000000E+02
      -0.751949493420669E+02       0.405789480393012E+02
      -0.751949497903710E+02       0.405789500566695E+02
      -0.751949499318340E+02       0.405789506932530E+02
      -0.751951140000000E+02       0.405796890000000E+02
      -0.751946560000000E+02       0.405819400000000E+02
      -0.751907960000000E+02       0.405868380000000E+02
      -0.751901959059834E+02       0.405900886631269E+02
      -0.751901460000000E+02       0.405903590000000E+02
      -0.751902301769111E+02       0.405908423599130E+02
      -0.751904558424053E+02       0.405921381743149E+02
      -0.751906357214487E+02       0.405931710741651E+02
      -0.751922910000000E+02       0.406026760000000E+02
      -0.751959230000000E+02       0.406067880000000E+02
      -0.751968030000000E+02       0.406085800000000E+02
      -0.751968030000000E+02       0.406085800000000E+02
      -0.751984990000000E+02       0.406114920000000E+02
      -0.752013480000000E+02       0.406146280000000E+02
      -0.752018120000000E+02       0.406171880000000E+02
      -0.752007080000000E+02       0.406183560000000E+02
      -0.751978910000000E+02       0.406193320000000E+02
      -0.751906910000000E+02       0.406199560000000E+02
      -0.751892830000000E+02       0.406214920000000E+02
      -0.751891068777438E+02       0.406222765445957E+02
      -0.751890544570038E+02       0.406225100551648E+02
      -0.751885790000000E+02       0.406246280000000E+02
      -0.751903316870088E+02       0.406340578801445E+02
      -0.751910590000000E+02       0.406379710000000E+02
      -0.751922760000000E+02       0.406408030000000E+02
      -0.751925002343319E+02       0.406410744415597E+02
      -0.751933793430031E+02       0.406421386257406E+02
      -0.751934920000000E+02       0.406422750000000E+02
      -0.752004680000000E+02       0.406468990000000E+02
      -0.752004520000000E+02       0.406492190000000E+02
      -0.751966760000000E+02       0.406551230000000E+02
      -0.751916565418968E+02       0.406609974207471E+02
      -0.751908520000000E+02       0.406619390000000E+02
      -0.751879400000000E+02       0.406638110000000E+02
      -0.751828184509986E+02       0.406659449787506E+02
      -0.751827560000000E+02       0.406659710000000E+02
      -0.751812073347684E+02       0.406679194061717E+02
      -0.751806552171411E+02       0.406686140362122E+02
      -0.751774910000000E+02       0.406725950000000E+02
      -0.751768030000000E+02       0.406757150000000E+02
      -0.751775182636927E+02       0.406775542494954E+02
      -0.751775870000000E+02       0.406777310000000E+02
      -0.751782991590327E+02       0.406781214076390E+02
      -0.751802187540819E+02       0.406791737351904E+02
      -0.751805640000000E+02       0.406793630000000E+02
      -0.751819124137931E+02       0.406795704482759E+02
      -0.751835125382482E+02       0.406798166212690E+02
      -0.751845160000000E+02       0.406799710000000E+02
      -0.751896637462551E+02       0.406794684495740E+02
      -0.751898915847845E+02       0.406794462067625E+02
      -0.751905800000000E+02       0.406793790000000E+02
      -0.751908342341656E+02       0.406794559920502E+02
      -0.751969200000000E+02       0.406812990000000E+02
      -0.752009200000000E+02       0.406854980000000E+02
      -0.752014271146245E+02       0.406865122292490E+02
      -0.752017816060226E+02       0.406872212120452E+02
      -0.752019821021466E+02       0.406876222042931E+02
      -0.752039200000000E+02       0.406914980000000E+02
      -0.752028061961829E+02       0.406944538639762E+02
      -0.752003580697050E+02       0.407009508150135E+02
      -0.751987200000000E+02       0.407052980000000E+02
      -0.751980936969401E+02       0.407065680843446E+02
      -0.751944200000000E+02       0.407140180000000E+02
      -0.751941330904751E+02       0.407143125265919E+02
      -0.751934146669543E+02       0.407150500233035E+02
      -0.751926120000000E+02       0.407158740000000E+02
      -0.751894120000000E+02       0.407179700000000E+02
      -0.751863720000000E+02       0.407239700000000E+02
      -0.751860742390938E+02       0.407244277151121E+02
      -0.751852985365809E+02       0.407256201173219E+02
      -0.751825000000000E+02       0.407299220000000E+02
      -0.751820840000000E+02       0.407315220000000E+02
      -0.751828040000000E+02       0.407336500000000E+02
      -0.751857800000000E+02       0.407372660000000E+02
      -0.751865763236486E+02       0.407379489792229E+02
      -0.751898342665645E+02       0.407407432040647E+02
      -0.751953490000000E+02       0.407454730000000E+02
      -0.751963250000000E+02       0.407471370000000E+02
      -0.751968610000000E+02       0.407500970000000E+02
      -0.751965330000000E+02       0.407516310000000E+02
      -0.751917960000000E+02       0.407558300000000E+02
      -0.751830370000000E+02       0.407593440000000E+02
      -0.751790400000000E+02       0.407618970000000E+02
      -0.751774770000000E+02       0.407642250000000E+02
      -0.751768550000000E+02       0.407687210000000E+02
      -0.751756200000000E+02       0.407729230000000E+02
      -0.751733490000000E+02       0.407761290000000E+02
      -0.751725321511214E+02       0.407768781644653E+02
      -0.751715870000000E+02       0.407777450000000E+02
      -0.751695230000000E+02       0.407784730000000E+02
      -0.751636500000000E+02       0.407783860000000E+02
      -0.751493780000000E+02       0.407747860000000E+02
      -0.751391060000000E+02       0.407736060000000E+02
      -0.751344000000000E+02       0.407737650000000E+02
      -0.751333030000000E+02       0.407741240000000E+02
      -0.751314650000000E+02       0.407759500000000E+02
      -0.751258670000000E+02       0.407840260000000E+02
      -0.751230880000000E+02       0.407867460000000E+02
      -0.751168420000000E+02       0.407893500000000E+02
      -0.751163783825545E+02       0.407893960329379E+02
      -0.751161094831990E+02       0.407894227321646E+02
      -0.751113430000000E+02       0.407898960000000E+02
      -0.751106921438299E+02       0.407901707447822E+02
      -0.751106905813537E+02       0.407901714043475E+02
      -0.751085050000000E+02       0.407910940000000E+02
      -0.751008000000000E+02       0.407997970000000E+02
      -0.751002770000000E+02       0.408011760000000E+02
      -0.751001650000000E+02       0.408030000000000E+02
      -0.751007390000000E+02       0.408054880000000E+02
      -0.751002770000000E+02       0.408075780000000E+02
      -0.750982790000000E+02       0.408102860000000E+02
      -0.750961470000000E+02       0.408122110000000E+02
      -0.750957199092115E+02       0.408124918829453E+02
      -0.750905180000000E+02       0.408159130000000E+02
      -0.750853870000000E+02       0.408219720000000E+02
      -0.750840455799302E+02       0.408242711829591E+02
      -0.750840450235168E+02       0.408242721366471E+02
      -0.750839290000000E+02       0.408244710000000E+02
      -0.750838220000000E+02       0.408278050000000E+02
      -0.750841064689184E+02       0.408281876484567E+02
      -0.750847190945979E+02       0.408290117113175E+02
      -0.750855170000000E+02       0.408300850000000E+02
      -0.750870277284810E+02       0.408312101504277E+02
      -0.750874036153682E+02       0.408314901009927E+02
      -0.750949400000000E+02       0.408371030000000E+02
      -0.750970060000000E+02       0.408393360000000E+02
      -0.750975720000000E+02       0.408409670000000E+02
      -0.750975860000000E+02       0.408430420000000E+02
      -0.750972210000000E+02       0.408446720000000E+02
      -0.750957840000000E+02       0.408470820000000E+02
      -0.750909620000000E+02       0.408491870000000E+02
      -0.750766840000000E+02       0.408498750000000E+02
      -0.750735440000000E+02       0.408489400000000E+02
      -0.750708300000000E+02       0.408473920000000E+02
      -0.750660140000000E+02       0.408475910000000E+02
      -0.750643280000000E+02       0.408483380000000E+02
      -0.750604910000000E+02       0.408530200000000E+02
      -0.750540667325165E+02       0.408591613033607E+02
      -0.750540563172313E+02       0.408591712598929E+02
      -0.750539755384702E+02       0.408592484806621E+02
      -0.750532940000000E+02       0.408599000000000E+02
      -0.750525171784953E+02       0.408618761790331E+02
      -0.750510290000000E+02       0.408656620000000E+02
      -0.750508390000000E+02       0.408680670000000E+02
      -0.750515080000000E+02       0.408702240000000E+02
      -0.750536640000000E+02       0.408736600000000E+02
      -0.750586550000000E+02       0.408776540000000E+02
      -0.750621490000000E+02       0.408822890000000E+02
      -0.750654380000000E+02       0.408856820000000E+02
      -0.750739200000000E+02       0.408921760000000E+02
      -0.750753400000000E+02       0.408941620000000E+02
      -0.750759570000000E+02       0.408956940000000E+02
      -0.750751880000000E+02       0.409001540000000E+02
      -0.750760920000000E+02       0.409070420000000E+02
      -0.750769560000000E+02       0.409098800000000E+02
      -0.750788310540894E+02       0.409131167485573E+02
      -0.750792790000000E+02       0.409138900000000E+02
      -0.750886529943102E+02       0.409198108425931E+02
      -0.750955260000000E+02       0.409241520000000E+02
      -0.750977200000000E+02       0.409266790000000E+02
      -0.751002224039166E+02       0.409297621129751E+02
      -0.751055240000000E+02       0.409362940000000E+02
      -0.751061530000000E+02       0.409396710000000E+02
      -0.751116830000000E+02       0.409481110000000E+02
      -0.751177640000000E+02       0.409530230000000E+02
      -0.751189040000000E+02       0.409563610000000E+02
      -0.751198930000000E+02       0.409616460000000E+02
      -0.751203160000000E+02       0.409626300000000E+02
      -0.751206500000000E+02       0.409640280000000E+02
      -0.751197700000000E+02       0.409665100000000E+02
      -0.751204350000000E+02       0.409683020000000E+02
      -0.751204350000000E+02       0.409683020000000E+02
      -0.751214600943509E+02       0.409691767345707E+02
      -0.751226030000000E+02       0.409701520000000E+02
      -0.751290740000000E+02       0.409689760000000E+02
      -0.751313640000000E+02       0.409692770000000E+02
      -0.751337800000000E+02       0.409709730000000E+02
      -0.751355260000000E+02       0.409738070000000E+02
      -0.751355210000000E+02       0.409768650000000E+02
      -0.751330860000000E+02       0.409801790000000E+02
      -0.751321060000000E+02       0.409825660000000E+02
      -0.751315300000000E+02       0.409849140000000E+02
      -0.751316111385863E+02       0.409885479146632E+02
      -0.751316190000000E+02       0.409889000000000E+02
      -0.751314959775087E+02       0.409891584179342E+02
      -0.751308701687475E+02       0.409904729759931E+02
      -0.751305750000000E+02       0.409910930000000E+02
      -0.751290227226287E+02       0.409924073135719E+02
      -0.751281619769948E+02       0.409931361070783E+02
      -0.751271960000000E+02       0.409939540000000E+02
      -0.751234230000000E+02       0.409961290000000E+02
      -0.751105950000000E+02       0.410021740000000E+02
      -0.751091140000000E+02       0.410041020000000E+02
      -0.751006820000000E+02       0.410067160000000E+02
      -0.750994795039129E+02       0.410072222400616E+02
      -0.750964525556075E+02       0.410084965581348E+02
      -0.750955560000000E+02       0.410088740000000E+02
      -0.750925939428321E+02       0.410113751420937E+02
      -0.750911708561997E+02       0.410125767873279E+02
      -0.750903120000000E+02       0.410133020000000E+02
      -0.750897870000000E+02       0.410145490000000E+02
      -0.750811010000000E+02       0.410168380000000E+02
      -0.750749990000000E+02       0.410171300000000E+02
      -0.750705320000000E+02       0.410186200000000E+02
      -0.750406680000000E+02       0.410317550000000E+02
      -0.750344960000000E+02       0.410367550000000E+02
      -0.750307010000000E+02       0.410384160000000E+02
      -0.750257770000000E+02       0.410398060000000E+02
      -0.750254300000000E+02       0.410407100000000E+02
      -0.750263760000000E+02       0.410444400000000E+02
      -0.750257020000000E+02       0.410464820000000E+02
      -0.750191860000000E+02       0.410529680000000E+02
      -0.750172390000000E+02       0.410554910000000E+02
      -0.750158670000000E+02       0.410582100000000E+02
      -0.750152710000000E+02       0.410612150000000E+02
      -0.750125700000000E+02       0.410662810000000E+02
      -0.750111330000000E+02       0.410675210000000E+02
      -0.750063760000000E+02       0.410675460000000E+02
      -0.749996170000000E+02       0.410739430000000E+02
      -0.749948470000000E+02       0.410765560000000E+02
      -0.749893320000000E+02       0.410783190000000E+02
      -0.749825900000000E+02       0.410791720000000E+02
      -0.749709870000000E+02       0.410852930000000E+02
      -0.749683890000000E+02       0.410877970000000E+02
      -0.749668461807967E+02       0.410931239855683E+02
      -0.749667590000000E+02       0.410934250000000E+02
      -0.749668808316605E+02       0.410937536862671E+02
      -0.749672861874413E+02       0.410948472844161E+02
      -0.749674640000000E+02       0.410953270000000E+02
      -0.749694340000000E+02       0.410960740000000E+02
      -0.749720360000000E+02       0.410955620000000E+02
      -0.749752980000000E+02       0.410940730000000E+02
      -0.749758331098469E+02       0.410936982630012E+02
      -0.749813140000000E+02       0.410898600000000E+02
      -0.749836101940336E+02       0.410889893266568E+02
      -0.749847820000000E+02       0.410885450000000E+02
      -0.749882630000000E+02       0.410882220000000E+02
      -0.749910130000000E+02       0.410885780000000E+02
      -0.749918150000000E+02       0.410891320000000E+02
      -0.749917180000000E+02       0.410922840000000E+02
      -0.749917180000000E+02       0.410922840000000E+02
      -0.749822120000000E+02       0.411082450000000E+02
      -0.749798730000000E+02       0.411104230000000E+02
      -0.749729170000000E+02       0.411133270000000E+02
      -0.749693120000000E+02       0.411138690000000E+02
      -0.749662980000000E+02       0.411136690000000E+02
      -0.749642940000000E+02       0.411142370000000E+02
      -0.749479120000000E+02       0.411235600000000E+02
      -0.749473340000000E+02       0.411244390000000E+02
      -0.749477140000000E+02       0.411262920000000E+02
      -0.749450670000000E+02       0.411290520000000E+02
      -0.749311410000000E+02       0.411333870000000E+02
      -0.749231690000000E+02       0.411381460000000E+02
      -0.749052560000000E+02       0.411556680000000E+02
      -0.749017800000000E+02       0.411613940000000E+02
      -0.749011720000000E+02       0.411638700000000E+02
      -0.748997010000000E+02       0.411661810000000E+02
      -0.748894240000000E+02       0.411736000000000E+02
      -0.748821390000000E+02       0.411808360000000E+02
      -0.748784920000000E+02       0.411875040000000E+02
      -0.748782750000000E+02       0.411904890000000E+02
      -0.748740340000000E+02       0.411985430000000E+02
      -0.748723072926860E+02       0.412011562219332E+02
      -0.748714254119297E+02       0.412024908720596E+02
      -0.748672870000000E+02       0.412087540000000E+02
      -0.748603980000000E+02       0.412174540000000E+02
      -0.748596320000000E+02       0.412190770000000E+02
      -0.748595298825582E+02       0.412195495823357E+02
      -0.748593230000000E+02       0.412205070000000E+02
      -0.748608370000000E+02       0.412223170000000E+02
      -0.748668390000000E+02       0.412268650000000E+02
      -0.748674050000000E+02       0.412277700000000E+02
      -0.748661820000000E+02       0.412321320000000E+02
      -0.748620490000000E+02       0.412376090000000E+02
      -0.748616780000000E+02       0.412415750000000E+02
      -0.748571510000000E+02       0.412489750000000E+02
      -0.748560030000000E+02       0.412500940000000E+02
      -0.748546690000000E+02       0.412505100000000E+02
      -0.748489870000000E+02       0.412511920000000E+02
      -0.748469320000000E+02       0.412533180000000E+02
      -0.748458830000000E+02       0.412549450000000E+02
      -0.748450310000000E+02       0.412580550000000E+02
      -0.748465060000000E+02       0.412615760000000E+02
      -0.748463190000000E+02       0.412630770000000E+02
      -0.748411370000000E+02       0.412709800000000E+02
      -0.748383660000000E+02       0.412772860000000E+02
      -0.748363966614739E+02       0.412790382028058E+02
      -0.748340670000000E+02       0.412811110000000E+02
      -0.748300570000000E+02       0.412872000000000E+02
      -0.748218840000000E+02       0.412938380000000E+02
      -0.748157030000000E+02       0.412961510000000E+02
      -0.748120330000000E+02       0.412981570000000E+02
      -0.748068580000000E+02       0.413031550000000E+02
      -0.747925580000000E+02       0.413106280000000E+02
      -0.747919910000000E+02       0.413116390000000E+02
      -0.747923770000000E+02       0.413140880000000E+02
      -0.747958220000000E+02       0.413185160000000E+02
      -0.747950841398039E+02       0.413203002629550E+02
      -0.747950400000000E+02       0.413204070000000E+02
      -0.747947640008412E+02       0.413206012565899E+02
      -0.747921160000000E+02       0.413224650000000E+02
      -0.747890950000000E+02       0.413232810000000E+02
      -0.747815840000000E+02       0.413242290000000E+02
      -0.747748870000000E+02       0.413243260000000E+02
      -0.747735993890309E+02       0.413246198984722E+02
      -0.747721876052810E+02       0.413249421395039E+02
      -0.747715880000000E+02       0.413250790000000E+02
      -0.747667140000000E+02       0.413285580000000E+02
      -0.747657827143732E+02       0.413294299034950E+02
      -0.747643663634011E+02       0.413307559428189E+02
      -0.747634990000000E+02       0.413315680000000E+02
      -0.747630486920015E+02       0.413328103904043E+02
      -0.747618542478072E+02       0.413361058370991E+02
      -0.747604852649267E+02       0.413398828323998E+02
      -0.747603250000000E+02       0.413403250000000E+02
      -0.747559710000000E+02       0.413449530000000E+02
      -0.747532390000000E+02       0.413461220000000E+02
      -0.747356220000000E+02       0.413465180000000E+02
      -0.747303730000000E+02       0.413459830000000E+02
      -0.747209230000000E+02       0.413473840000000E+02
      -0.747085140000000E+02       0.413527340000000E+02
      -0.747044290000000E+02       0.413540430000000E+02
      -0.747005950000000E+02       0.413545530000000E+02
      -0.746949140000000E+02       0.413574230000000E+02
      -0.746949140000000E+02       0.413574230000000E+02
      -0.746854108078213E+02       0.413530526355849E+02
      -0.746617775225284E+02       0.413421840698321E+02
      -0.746490281519780E+02       0.413363208404750E+02
      -0.746415440000000E+02       0.413328790000000E+02
      -0.746073480000000E+02       0.413177740000000E+02
      -0.745734990754016E+02       0.413019310256857E+02
      -0.745560588468676E+02       0.412937681343685E+02
      -0.745364581380529E+02       0.412845940312034E+02
      -0.744996030000000E+02       0.412673440000000E+02
      -0.744770069286846E+02       0.412570625966472E+02
      -0.744710055421204E+02       0.412543319150575E+02
      -0.744684830094139E+02       0.412531841413642E+02
      -0.744575840000000E+02       0.412482250000000E+02
      -0.744242243005770E+02       0.412315926337841E+02
      -0.744209599229097E+02       0.412299650913971E+02
      -0.744202071151854E+02       0.412295897590656E+02
      -0.744143769553539E+02       0.412266829776770E+02
      -0.744133994186915E+02       0.412261956007509E+02
      -0.744132265296316E+02       0.412261094023076E+02
      -0.743788980000000E+02       0.412089940000000E+02
      -0.743699939626518E+02       0.412049035833815E+02
      -0.743658647557036E+02       0.412030066712211E+02
      -0.743554065329995E+02       0.411982022789801E+02
      -0.743482455023241E+02       0.411949125804159E+02
      -0.743441081764445E+02       0.411930119385079E+02
      -0.743294921910302E+02       0.411862975159043E+02
      -0.743216896651568E+02       0.411827131215165E+02
      -0.743209950000000E+02       0.411823940000000E+02
      -0.743019940000000E+02       0.411725940000000E+02
      -0.742795950238509E+02       0.411627378666435E+02
      -0.742428507602603E+02       0.411465694328889E+02
      -0.742344730000000E+02       0.411428830000000E+02
END
END
