         1      -0.118758005505232E+03       0.458586033809843E+02
      -0.123547659000000E+03       0.462591090000000E+02
      -0.123538092000000E+03       0.462606100000000E+02
      -0.123526391000000E+03       0.462634040000000E+02
      -0.123516188000000E+03       0.462661530000000E+02
      -0.123501245000000E+03       0.462710040000000E+02
      -0.123479644000000E+03       0.462691310000000E+02
      -0.123474844000000E+03       0.462678310000000E+02
      -0.123468743000000E+03       0.462645310000000E+02
      -0.123447592000000E+03       0.462498320000000E+02
      -0.123427629000000E+03       0.462293480000000E+02
      -0.123430847000000E+03       0.461818270000000E+02
      -0.123371433000000E+03       0.461463720000000E+02
      -0.123363636177368E+03       0.461463241398171E+02
      -0.123332335000000E+03       0.461461320000000E+02
      -0.123301034000000E+03       0.461446320000000E+02
      -0.123280166000000E+03       0.461448430000000E+02
      -0.123251233000000E+03       0.461564520000000E+02
      -0.123231196000000E+03       0.461661500000000E+02
      -0.123213054000000E+03       0.461725410000000E+02
      -0.123213054000000E+03       0.461725410000000E+02
      -0.123166414000000E+03       0.461889730000000E+02
      -0.123115904000000E+03       0.461852680000000E+02
      -0.123105021000000E+03       0.461776760000000E+02
      -0.123051064000000E+03       0.461535990000000E+02
      -0.123041297000000E+03       0.461463510000000E+02
      -0.123033820000000E+03       0.461443360000000E+02
      -0.123022147000000E+03       0.461391100000000E+02
      -0.123009436000000E+03       0.461360430000000E+02
      -0.123005295521421E+03       0.461342763533644E+02
      -0.123004233000000E+03       0.461338230000000E+02
      -0.122972062829404E+03       0.461113661274475E+02
      -0.122962681000000E+03       0.461048170000000E+02
      -0.122939664481751E+03       0.460965307861711E+02
      -0.122937415256007E+03       0.460957210387862E+02
      -0.122904119000000E+03       0.460837340000000E+02
      -0.122885877395179E+03       0.460619510663676E+02
      -0.122884478000000E+03       0.460602800000000E+02
      -0.122878092000000E+03       0.460312810000000E+02
      -0.122877666074754E+03       0.460309545362800E+02
      -0.122856158000000E+03       0.460144690000000E+02
      -0.122837638000000E+03       0.459808200000000E+02
      -0.122813998000000E+03       0.459609840000000E+02
      -0.122806193000000E+03       0.459324160000000E+02
      -0.122811203261839E+03       0.459138609753863E+02
      -0.122811214160643E+03       0.459138206127091E+02
      -0.122811510000000E+03       0.459127250000000E+02
      -0.122808889638146E+03       0.459071808228059E+02
      -0.122808888770639E+03       0.459071789873299E+02
      -0.122808359621313E+03       0.459060594100385E+02
      -0.122808241676423E+03       0.459058098615395E+02
      -0.122806932996114E+03       0.459030409479603E+02
      -0.122800598092592E+03       0.458896375214160E+02
      -0.122798091000000E+03       0.458843330000000E+02
      -0.122795314978328E+03       0.458807986452741E+02
      -0.122794675052718E+03       0.458799839095227E+02
      -0.122785026000000E+03       0.458676990000000E+02
      -0.122785121332774E+03       0.458643529950744E+02
      -0.122785292914825E+03       0.458583307809099E+02
      -0.122785515000000E+03       0.458505360000000E+02
      -0.122785515000000E+03       0.458505360000000E+02
      -0.122785696000000E+03       0.458442160000000E+02
      -0.122795963000000E+03       0.458250240000000E+02
      -0.122795605000000E+03       0.458100000000000E+02
      -0.122769532000000E+03       0.457805830000000E+02
      -0.122761451000000E+03       0.457591630000000E+02
      -0.122760108000000E+03       0.457344130000000E+02
      -0.122762308059953E+03       0.457282443887816E+02
      -0.122772511000000E+03       0.456996370000000E+02
      -0.122774511000000E+03       0.456804370000000E+02
      -0.122763810000000E+03       0.456571380000000E+02
      -0.122762414483991E+03       0.456564321244262E+02
      -0.122738109000000E+03       0.456441380000000E+02
      -0.122713309000000E+03       0.456374380000000E+02
      -0.122691176225863E+03       0.456248347939210E+02
      -0.122691008000000E+03       0.456247390000000E+02
      -0.122675008000000E+03       0.456180390000000E+02
      -0.122643907000000E+03       0.456097390000000E+02
      -0.122605430880556E+03       0.456077826345165E+02
      -0.122602606000000E+03       0.456076390000000E+02
      -0.122586006034015E+03       0.456047426191426E+02
      -0.122581406000000E+03       0.456039400000000E+02
      -0.122548651431082E+03       0.455968763511958E+02
      -0.122548435396018E+03       0.455968297624032E+02
      -0.122548384062999E+03       0.455968186922400E+02
      -0.122548149000000E+03       0.455967680000000E+02
      -0.122548057068966E+03       0.455967412028979E+02
      -0.122547833152679E+03       0.455966759332347E+02
      -0.122523668000000E+03       0.455896320000000E+02
      -0.122492259000000E+03       0.455832810000000E+02
      -0.122479315000000E+03       0.455797610000000E+02
      -0.122474659000000E+03       0.455783050000000E+02
      -0.122453891000000E+03       0.455673130000000E+02
      -0.122438674000000E+03       0.455635850000000E+02
      -0.122417734476453E+03       0.455666157205133E+02
      -0.122410706000000E+03       0.455676330000000E+02
      -0.122401245447260E+03       0.455710901253878E+02
      -0.122391802000000E+03       0.455745410000000E+02
      -0.122380302000000E+03       0.455759410000000E+02
      -0.122352802000000E+03       0.455694410000000E+02
      -0.122331502000000E+03       0.455482410000000E+02
      -0.122294901000000E+03       0.455435410000000E+02
      -0.122294819988636E+03       0.455435418618230E+02
      -0.122266701000000E+03       0.455438410000000E+02
      -0.122262625000000E+03       0.455443210000000E+02
      -0.122248993000000E+03       0.455477450000000E+02
      -0.122248993000000E+03       0.455477450000000E+02
      -0.122201700000000E+03       0.455641410000000E+02
      -0.122183695000000E+03       0.455776960000000E+02
      -0.122140750000000E+03       0.455845080000000E+02
      -0.122129548000000E+03       0.455829450000000E+02
      -0.122129548000000E+03       0.455829450000000E+02
      -0.122129490000000E+03       0.455829670000000E+02
      -0.122129490000000E+03       0.455829670000000E+02
      -0.122126197000000E+03       0.455825730000000E+02
      -0.122126197000000E+03       0.455825730000000E+02
      -0.122126197000000E+03       0.455826170000000E+02
      -0.122126197000000E+03       0.455826170000000E+02
      -0.122112356000000E+03       0.455814090000000E+02
      -0.122101675000000E+03       0.455835160000000E+02
      -0.122044374000000E+03       0.456095160000000E+02
      -0.122022571000000E+03       0.456151510000000E+02
      -0.122003690000000E+03       0.456159300000000E+02
      -0.121983038000000E+03       0.456228120000000E+02
      -0.121979797000000E+03       0.456248390000000E+02
      -0.121963547000000E+03       0.456327840000000E+02
      -0.121955734000000E+03       0.456435590000000E+02
      -0.121951838000000E+03       0.456449510000000E+02
      -0.121935149000000E+03       0.456441690000000E+02
      -0.121922235966534E+03       0.456490830812573E+02
      -0.121908267000000E+03       0.456543990000000E+02
      -0.121904313259721E+03       0.456584600019598E+02
      -0.121900858000000E+03       0.456620090000000E+02
      -0.121901855000000E+03       0.456707160000000E+02
      -0.121876034278905E+03       0.456875097410235E+02
      -0.121867167000000E+03       0.456932770000000E+02
      -0.121811304000000E+03       0.457067610000000E+02
      -0.121784262945335E+03       0.457022463504272E+02
      -0.121735104000000E+03       0.456940390000000E+02
      -0.121707358000000E+03       0.456948090000000E+02
      -0.121668362000000E+03       0.457050820000000E+02
      -0.121638118968748E+03       0.457047364350509E+02
      -0.121631167000000E+03       0.457046570000000E+02
      -0.121562759790393E+03       0.457199232462655E+02
      -0.121534899163080E+03       0.457261408247943E+02
      -0.121534586994700E+03       0.457262104905413E+02
      -0.121533106000000E+03       0.457265410000000E+02
      -0.121532406829152E+03       0.457264193596732E+02
      -0.121522392000000E+03       0.457246770000000E+02
      -0.121522392000000E+03       0.457246770000000E+02
      -0.121509651317233E+03       0.457225766705675E+02
      -0.121499153000000E+03       0.457208460000000E+02
      -0.121494604442262E+03       0.457184054602199E+02
      -0.121462849000000E+03       0.457013670000000E+02
      -0.121441051010840E+03       0.456972708192925E+02
      -0.121423592000000E+03       0.456939900000000E+02
      -0.121401739000000E+03       0.456928870000000E+02
      -0.121372574000000E+03       0.457031110000000E+02
      -0.121365446916467E+03       0.457034873814370E+02
      -0.121337770000000E+03       0.457049490000000E+02
      -0.121312198000000E+03       0.456999250000000E+02
      -0.121287323000000E+03       0.456870190000000E+02
      -0.121251183000000E+03       0.456783900000000E+02
      -0.121215779000000E+03       0.456712380000000E+02
      -0.121200367000000E+03       0.456498290000000E+02
      -0.121196420215017E+03       0.456342109860303E+02
      -0.121195233000000E+03       0.456295130000000E+02
      -0.121196149242152E+03       0.456206317533159E+02
      -0.121196556000000E+03       0.456166890000000E+02
      -0.121183841000000E+03       0.456064410000000E+02
      -0.121170475022579E+03       0.456061542697320E+02
      -0.121170472037854E+03       0.456061542057029E+02
      -0.121167852000000E+03       0.456060980000000E+02
      -0.121145534000000E+03       0.456078860000000E+02
      -0.121139483000000E+03       0.456119620000000E+02
      -0.121131953000000E+03       0.456097620000000E+02
      -0.121123769510297E+03       0.456150523622042E+02
      -0.121122200000000E+03       0.456160670000000E+02
      -0.121117052000000E+03       0.456181170000000E+02
      -0.121120064000000E+03       0.456231340000000E+02
      -0.121084933000000E+03       0.456478930000000E+02
      -0.121064370000000E+03       0.456525490000000E+02
      -0.121033582000000E+03       0.456509980000000E+02
      -0.121007449000000E+03       0.456532170000000E+02
      -0.120983478000000E+03       0.456483440000000E+02
      -0.120977978000000E+03       0.456493450000000E+02
      -0.120953077000000E+03       0.456567450000000E+02
      -0.120943977000000E+03       0.456564450000000E+02
      -0.120915876000000E+03       0.456413450000000E+02
      -0.120915876000000E+03       0.456413450000000E+02
      -0.120913476000000E+03       0.456400450000000E+02
      -0.120895575000000E+03       0.456429450000000E+02
      -0.120870042000000E+03       0.456612420000000E+02
      -0.120870042000000E+03       0.456612420000000E+02
      -0.120855674000000E+03       0.456715450000000E+02
      -0.120835814167248E+03       0.456759155188661E+02
      -0.120788872000000E+03       0.456862460000000E+02
      -0.120724171000000E+03       0.457064460000000E+02
      -0.120689370000000E+03       0.457158470000000E+02
      -0.120668869000000E+03       0.457301470000000E+02
      -0.120653558648341E+03       0.457372374256822E+02
      -0.120634968000000E+03       0.457458470000000E+02
      -0.120591166000000E+03       0.457465470000000E+02
      -0.120559465000000E+03       0.457383480000000E+02
      -0.120521964000000E+03       0.457098480000000E+02
      -0.120505863000000E+03       0.457000480000000E+02
      -0.120482362000000E+03       0.456944490000000E+02
      -0.120403960000000E+03       0.456992490000000E+02
      -0.120329057000000E+03       0.457110500000000E+02
      -0.120288656000000E+03       0.457201500000000E+02
      -0.120282156000000E+03       0.457212500000000E+02
      -0.120210754000000E+03       0.457259510000000E+02
      -0.120170453000000E+03       0.457619510000000E+02
      -0.120141352000000E+03       0.457731520000000E+02
      -0.120070150000000E+03       0.457851520000000E+02
      -0.120001148000000E+03       0.458119020000000E+02
      -0.119999501993336E+03       0.458124814311676E+02
      -0.119965744000000E+03       0.458243650000000E+02
      -0.119907461000000E+03       0.458281350000000E+02
      -0.119876144000000E+03       0.458347180000000E+02
      -0.119868135000000E+03       0.458359620000000E+02
      -0.119868135000000E+03       0.458359620000000E+02
      -0.119802655000000E+03       0.458475300000000E+02
      -0.119772927000000E+03       0.458455780000000E+02
      -0.119729911855748E+03       0.458502902558318E+02
      -0.119672195382242E+03       0.458566130240939E+02
      -0.119669877000000E+03       0.458568670000000E+02
      -0.119623393000000E+03       0.459056390000000E+02
      -0.119600549000000E+03       0.459195810000000E+02
      -0.119571584000000E+03       0.459254560000000E+02
      -0.119536947008459E+03       0.459130248374412E+02
      -0.119524632000000E+03       0.459086050000000E+02
      -0.119487829000000E+03       0.459063070000000E+02
      -0.119450256000000E+03       0.459173540000000E+02
      -0.119431888562167E+03       0.459182633871212E+02
      -0.119364396000000E+03       0.459216050000000E+02
      -0.119356928114652E+03       0.459236692007439E+02
      -0.119322509000000E+03       0.459331830000000E+02
      -0.119312782177164E+03       0.459341865032113E+02
      -0.119257150000000E+03       0.459399260000000E+02
      -0.119225745000000E+03       0.459327250000000E+02
      -0.119195530000000E+03       0.459278700000000E+02
      -0.119169496000000E+03       0.459276030000000E+02
      -0.119141390092968E+03       0.459310086770417E+02
      -0.119126120000000E+03       0.459328590000000E+02
      -0.119093221000000E+03       0.459427450000000E+02
      -0.119061462000000E+03       0.459585270000000E+02
      -0.119027056000000E+03       0.459691340000000E+02
      -0.119008558000000E+03       0.459792700000000E+02
      -0.118987129000000E+03       0.459998550000000E+02
      -0.118987129000000E+03       0.459998550000000E+02
      -0.118941242000000E+03       0.460005740000000E+02
      -0.118820492687061E+03       0.460007395092492E+02
      -0.118788100297835E+03       0.460007839090051E+02
      -0.118677870000000E+03       0.460009350000000E+02
      -0.118677870000000E+03       0.460009350000000E+02
      -0.118658717000000E+03       0.460009550000000E+02
      -0.118658717000000E+03       0.460009550000000E+02
      -0.118639332000000E+03       0.460009940000000E+02
      -0.118639332000000E+03       0.460009940000000E+02
      -0.118637725000000E+03       0.460009700000000E+02
      -0.118637725000000E+03       0.460009700000000E+02
      -0.118590658048625E+03       0.460008462659920E+02
      -0.118579906000000E+03       0.460008180000000E+02
      -0.118579906000000E+03       0.460008180000000E+02
      -0.118575710000000E+03       0.460007180000000E+02
      -0.118575710000000E+03       0.460007180000000E+02
      -0.118569392000000E+03       0.460007730000000E+02
      -0.118569392000000E+03       0.460007730000000E+02
      -0.118537119000000E+03       0.460008400000000E+02
      -0.118537119000000E+03       0.460008400000000E+02
      -0.118497027000000E+03       0.460006200000000E+02
      -0.118497027000000E+03       0.460006200000000E+02
      -0.118470756000000E+03       0.460006320000000E+02
      -0.118470756000000E+03       0.460006320000000E+02
      -0.118424115975736E+03       0.460006027225269E+02
      -0.118387345755579E+03       0.460005796406535E+02
      -0.118378360000000E+03       0.460005740000000E+02
      -0.118378360000000E+03       0.460005740000000E+02
      -0.118367790000000E+03       0.460006220000000E+02
      -0.118367790000000E+03       0.460006220000000E+02
      -0.118340520540453E+03       0.460005347302935E+02
      -0.118314982000000E+03       0.460004530000000E+02
      -0.118314982000000E+03       0.460004530000000E+02
      -0.118283526000000E+03       0.460007870000000E+02
      -0.118256368000000E+03       0.460004390000000E+02
      -0.118256368000000E+03       0.460004390000000E+02
      -0.118252530000000E+03       0.460004590000000E+02
      -0.118252530000000E+03       0.460004590000000E+02
      -0.118236584000000E+03       0.460004180000000E+02
      -0.118236584000000E+03       0.460004180000000E+02
      -0.118228941000000E+03       0.460004210000000E+02
      -0.118228941000000E+03       0.460004210000000E+02
      -0.118146028000000E+03       0.460007010000000E+02
      -0.118131019000000E+03       0.460002800000000E+02
      -0.118131019000000E+03       0.460002800000000E+02
      -0.118126197000000E+03       0.460002820000000E+02
      -0.118126197000000E+03       0.460002820000000E+02
      -0.117996911000000E+03       0.460007870000000E+02
      -0.117996911000000E+03       0.460007870000000E+02
      -0.117977766995952E+03       0.460007238175629E+02
      -0.117717852000000E+03       0.459998660000000E+02
      -0.117603163000000E+03       0.459988870000000E+02
      -0.117603163000000E+03       0.459988870000000E+02
      -0.117504833000000E+03       0.459983170000000E+02
      -0.117504833000000E+03       0.459983170000000E+02
      -0.117480103000000E+03       0.459978700000000E+02
      -0.117480103000000E+03       0.459978700000000E+02
      -0.117475360000000E+03       0.459978550000000E+02
      -0.117475360000000E+03       0.459978550000000E+02
      -0.117475148000000E+03       0.459978930000000E+02
      -0.117475148000000E+03       0.459978930000000E+02
      -0.117439943000000E+03       0.459986330000000E+02
      -0.117390738000000E+03       0.459985980000000E+02
      -0.117353928000000E+03       0.459963490000000E+02
      -0.117337668000000E+03       0.459986620000000E+02
      -0.117216731000000E+03       0.459983560000000E+02
      -0.117216731000000E+03       0.459983560000000E+02
      -0.117214534000000E+03       0.459983200000000E+02
      -0.117214534000000E+03       0.459983200000000E+02
      -0.117212616000000E+03       0.459983210000000E+02
      -0.117212616000000E+03       0.459983210000000E+02
      -0.117090175233048E+03       0.459976244989233E+02
      -0.117070047000000E+03       0.459975100000000E+02
      -0.117051304000000E+03       0.459968490000000E+02
      -0.116985882000000E+03       0.459969740000000E+02
      -0.116940681000000E+03       0.459962740000000E+02
      -0.116915989000000E+03       0.459954130000000E+02
      -0.116915989000000E+03       0.459954130000000E+02
      -0.116911409000000E+03       0.459889120000000E+02
      -0.116892935000000E+03       0.459743960000000E+02
      -0.116886843000000E+03       0.459586170000000E+02
      -0.116875706000000E+03       0.459450080000000E+02
      -0.116874571961785E+03       0.459410331501392E+02
      -0.116869655000000E+03       0.459237990000000E+02
      -0.116866544000000E+03       0.459169580000000E+02
      -0.116865523422965E+03       0.459154920830076E+02
      -0.116862365300155E+03       0.459109558787522E+02
      -0.116859795000000E+03       0.459072640000000E+02
      -0.116857254000000E+03       0.459041590000000E+02
      -0.116843550000000E+03       0.458922730000000E+02
      -0.116830003000000E+03       0.458864050000000E+02
      -0.116819182000000E+03       0.458809380000000E+02
      -0.116814142000000E+03       0.458775510000000E+02
      -0.116796051000000E+03       0.458584730000000E+02
      -0.116790151000000E+03       0.458498510000000E+02
      -0.116787792000000E+03       0.458442670000000E+02
      -0.116787520000000E+03       0.458402040000000E+02
      -0.116788923000000E+03       0.458367410000000E+02
      -0.116789066000000E+03       0.458334710000000E+02
      -0.116788329000000E+03       0.458319280000000E+02
      -0.116782676000000E+03       0.458253760000000E+02
      -0.116763400000000E+03       0.458165800000000E+02
      -0.116759787000000E+03       0.458161670000000E+02
      -0.116755288000000E+03       0.458170610000000E+02
      -0.116754699250628E+03       0.458172626227548E+02
      -0.116752837716604E+03       0.458179001225736E+02
      -0.116750978000000E+03       0.458185370000000E+02
      -0.116748267299824E+03       0.458198817595771E+02
      -0.116746590714761E+03       0.458207135018108E+02
      -0.116745219000000E+03       0.458213940000000E+02
      -0.116743182000427E+03       0.458227135522269E+02
      -0.116740486000000E+03       0.458244600000000E+02
      -0.116739567623799E+03       0.458248342742269E+02
      -0.116737801745209E+03       0.458255539388301E+02
      -0.116736268000000E+03       0.458261790000000E+02
      -0.116735649077620E+03       0.458261967252733E+02
      -0.116715527000000E+03       0.458267730000000E+02
      -0.116711822000000E+03       0.458262670000000E+02
      -0.116710796759862E+03       0.458259173481141E+02
      -0.116709180479356E+03       0.458253661255219E+02
      -0.116708450000000E+03       0.458251170000000E+02
      -0.116698079000000E+03       0.458208520000000E+02
      -0.116697192000000E+03       0.458201350000000E+02
      -0.116687007000000E+03       0.458063190000000E+02
      -0.116680380598668E+03       0.457940377736523E+02
      -0.116680139000000E+03       0.457935900000000E+02
      -0.116665344000000E+03       0.457819980000000E+02
      -0.116659629000000E+03       0.457800160000000E+02
      -0.116646342000000E+03       0.457798150000000E+02
      -0.116639641000000E+03       0.457812740000000E+02
      -0.116635814000000E+03       0.457836420000000E+02
      -0.116632032000000E+03       0.457849790000000E+02
      -0.116605040000000E+03       0.457810180000000E+02
      -0.116593606908308E+03       0.457786650780890E+02
      -0.116593004000000E+03       0.457785410000000E+02
      -0.116577422000000E+03       0.457675300000000E+02
      -0.116559444000000E+03       0.457551890000000E+02
      -0.116553548000000E+03       0.457533880000000E+02
      -0.116549772679971E+03       0.457528356173025E+02
      -0.116549085000000E+03       0.457527350000000E+02
      -0.116548275972204E+03       0.457521509230119E+02
      -0.116546852657245E+03       0.457511233618846E+02
      -0.116546643000000E+03       0.457509720000000E+02
      -0.116537173000000E+03       0.457372880000000E+02
      -0.116535698000000E+03       0.457342310000000E+02
      -0.116538014000000E+03       0.457149290000000E+02
      -0.116536395000000E+03       0.456966500000000E+02
      -0.116535396000000E+03       0.456917340000000E+02
      -0.116535136951801E+03       0.456913608818687E+02
      -0.116528272000000E+03       0.456814730000000E+02
      -0.116523961000000E+03       0.456776390000000E+02
      -0.116512429252267E+03       0.456702898027985E+02
      -0.116512326000000E+03       0.456702240000000E+02
      -0.116494510000000E+03       0.456556790000000E+02
      -0.116491870833996E+03       0.456533214620488E+02
      -0.116488291071232E+03       0.456501236993620E+02
      -0.116487894000000E+03       0.456497690000000E+02
      -0.116487673394942E+03       0.456493664029195E+02
      -0.116482495000000E+03       0.456399160000000E+02
      -0.116477725607598E+03       0.456317371364607E+02
      -0.116477451580930E+03       0.456312672177515E+02
      -0.116472882000000E+03       0.456248840000000E+02
      -0.116469813000000E+03       0.456206040000000E+02
      -0.116465170000000E+03       0.456179860000000E+02
      -0.116463504000000E+03       0.456157850000000E+02
      -0.116463635000000E+03       0.456027850000000E+02
      -0.116465929151631E+03       0.455996664424495E+02
      -0.116481943000000E+03       0.455778980000000E+02
      -0.116482970000000E+03       0.455770080000000E+02
      -0.116483408409449E+03       0.455768575048149E+02
      -0.116490279000000E+03       0.455744990000000E+02
      -0.116502756000000E+03       0.455666080000000E+02
      -0.116513272337841E+03       0.455565368514437E+02
      -0.116523638000000E+03       0.455466100000000E+02
      -0.116535482000000E+03       0.455250790000000E+02
      -0.116543837000000E+03       0.455141930000000E+02
      -0.116548676000000E+03       0.455103850000000E+02
      -0.116553473000000E+03       0.454991070000000E+02
      -0.116558804000000E+03       0.454811880000000E+02
      -0.116558803000000E+03       0.454800760000000E+02
      -0.116554980000000E+03       0.454728010000000E+02
      -0.116554829000000E+03       0.454629300000000E+02
      -0.116561744000000E+03       0.454612130000000E+02
      -0.116563985000000E+03       0.454601690000000E+02
      -0.116575949000000E+03       0.454525220000000E+02
      -0.116581382000000E+03       0.454489840000000E+02
      -0.116588195000000E+03       0.454429200000000E+02
      -0.116592416000000E+03       0.454273560000000E+02
      -0.116597447000000E+03       0.454127700000000E+02
      -0.116619057000000E+03       0.453982100000000E+02
      -0.116626633000000E+03       0.453880370000000E+02
      -0.116641056816331E+03       0.453680135849623E+02
      -0.116641374497797E+03       0.453675725735338E+02
      -0.116653252000000E+03       0.453510840000000E+02
      -0.116673793000000E+03       0.453215110000000E+02
      -0.116674648000000E+03       0.453143420000000E+02
      -0.116672594000000E+03       0.452980230000000E+02
      -0.116672163000000E+03       0.452889380000000E+02
      -0.116672722891782E+03       0.452832850575394E+02
      -0.116672733000000E+03       0.452831830000000E+02
      -0.116672812079541E+03       0.452828759377368E+02
      -0.116674493000000E+03       0.452763490000000E+02
      -0.116675587000000E+03       0.452748670000000E+02
      -0.116681013000000E+03       0.452707200000000E+02
      -0.116687027000000E+03       0.452678570000000E+02
      -0.116691388000000E+03       0.452637390000000E+02
      -0.116696047000000E+03       0.452546790000000E+02
      -0.116703607000000E+03       0.452397570000000E+02
      -0.116709373000000E+03       0.452194630000000E+02
      -0.116709750000000E+03       0.452172430000000E+02
      -0.116708546000000E+03       0.452073560000000E+02
      -0.116709536000000E+03       0.452030150000000E+02
      -0.116724205000000E+03       0.451715010000000E+02
      -0.116724188000000E+03       0.451629240000000E+02
      -0.116728757000000E+03       0.451443810000000E+02
      -0.116729607000000E+03       0.451420910000000E+02
      -0.116731216000000E+03       0.451399340000000E+02
      -0.116754643000000E+03       0.451139720000000E+02
      -0.116774847000000E+03       0.451055360000000E+02
      -0.116782492000000E+03       0.450957900000000E+02
      -0.116783537000000E+03       0.450936050000000E+02
      -0.116784244000000E+03       0.450881280000000E+02
      -0.116783808123231E+03       0.450790219302613E+02
      -0.116783710000000E+03       0.450769720000000E+02
      -0.116785027280309E+03       0.450753562302986E+02
      -0.116797329000000E+03       0.450602670000000E+02
      -0.116808576000000E+03       0.450506520000000E+02
      -0.116825133000000E+03       0.450378400000000E+02
      -0.116830115000000E+03       0.450353170000000E+02
      -0.116841314000000E+03       0.450309070000000E+02
      -0.116847944000000E+03       0.450226020000000E+02
      -0.116848037000000E+03       0.450217280000000E+02
      -0.116845847000000E+03       0.450184700000000E+02
      -0.116844796000000E+03       0.450153120000000E+02
      -0.116844625000000E+03       0.450014350000000E+02
      -0.116846103000000E+03       0.449998780000000E+02
      -0.116856754000000E+03       0.449842980000000E+02
      -0.116857952046992E+03       0.449800429735761E+02
      -0.116858313000000E+03       0.449787610000000E+02
      -0.116858204303360E+03       0.449784632527241E+02
      -0.116857694332610E+03       0.449770663153289E+02
      -0.116851406000000E+03       0.449598410000000E+02
      -0.116850737000000E+03       0.449581130000000E+02
      -0.116846461000000E+03       0.449515210000000E+02
      -0.116835702000000E+03       0.449406330000000E+02
      -0.116831990000000E+03       0.449330070000000E+02
      -0.116832176000000E+03       0.449313730000000E+02
      -0.116833632000000E+03       0.449289760000000E+02
      -0.116838467000000E+03       0.449236010000000E+02
      -0.116842108000000E+03       0.449149220000000E+02
      -0.116846061000000E+03       0.449052490000000E+02
      -0.116850512000000E+03       0.448935230000000E+02
      -0.116852427000000E+03       0.448875770000000E+02
      -0.116857038000000E+03       0.448807690000000E+02
      -0.116865338000000E+03       0.448705990000000E+02
      -0.116883598000000E+03       0.448582680000000E+02
      -0.116896249000000E+03       0.448483300000000E+02
      -0.116905771000000E+03       0.448347940000000E+02
      -0.116920498000000E+03       0.448143800000000E+02
      -0.116928099000000E+03       0.448083810000000E+02
      -0.116931099000000E+03       0.448047810000000E+02
      -0.116933699000000E+03       0.447987810000000E+02
      -0.116933799000000E+03       0.447967810000000E+02
      -0.116933099000000E+03       0.447944810000000E+02
      -0.116930800000000E+03       0.447909810000000E+02
      -0.116930700000000E+03       0.447898810000000E+02
      -0.116931800000000E+03       0.447871810000000E+02
      -0.116934700000000E+03       0.447838810000000E+02
      -0.116936800000000E+03       0.447828810000000E+02
      -0.116949001000000E+03       0.447779810000000E+02
      -0.116966801000000E+03       0.447751810000000E+02
      -0.116970902000000E+03       0.447738810000000E+02
      -0.116972902000000E+03       0.447725810000000E+02
      -0.116977802000000E+03       0.447679810000000E+02
      -0.116986502000000E+03       0.447623810000000E+02
      -0.116988542885779E+03       0.447611941624058E+02
      -0.116991264300881E+03       0.447596115761645E+02
      -0.116992003000000E+03       0.447591820000000E+02
      -0.116992817760148E+03       0.447588513726938E+02
      -0.116997150266881E+03       0.447570932540193E+02
      -0.116998903000000E+03       0.447563820000000E+02
      -0.116999453778993E+03       0.447563543916439E+02
      -0.117006045000000E+03       0.447560240000000E+02
      -0.117012754124597E+03       0.447567306333371E+02
      -0.117013802000000E+03       0.447568410000000E+02
      -0.117014403754132E+03       0.447566279709704E+02
      -0.117015115813674E+03       0.447563758923474E+02
      -0.117038270000000E+03       0.447481790000000E+02
      -0.117044217000000E+03       0.447451400000000E+02
      -0.117047181543227E+03       0.447421851437493E+02
      -0.117062273000000E+03       0.447271430000000E+02
      -0.117060454000000E+03       0.447216680000000E+02
      -0.117061799000000E+03       0.447066540000000E+02
      -0.117063824000000E+03       0.447036230000000E+02
      -0.117072221000000E+03       0.447005170000000E+02
      -0.117079120000000E+03       0.446921750000000E+02
      -0.117080555000000E+03       0.446867140000000E+02
      -0.117080772000000E+03       0.446841610000000E+02
      -0.117091223000000E+03       0.446688070000000E+02
      -0.117095868000000E+03       0.446647370000000E+02
      -0.117096791000000E+03       0.446573850000000E+02
      -0.117094968000000E+03       0.446520110000000E+02
      -0.117098221000000E+03       0.446406890000000E+02
      -0.117108231000000E+03       0.446271100000000E+02
      -0.117114754000000E+03       0.446248830000000E+02
      -0.117117809000000E+03       0.446201390000000E+02
      -0.117120522000000E+03       0.446146580000000E+02
      -0.117125267000000E+03       0.445938180000000E+02
      -0.117124754000000E+03       0.445838340000000E+02
      -0.117126009000000E+03       0.445815530000000E+02
      -0.117133963000000E+03       0.445752400000000E+02
      -0.117138066000000E+03       0.445729960000000E+02
      -0.117142480000000E+03       0.445714300000000E+02
      -0.117146032000000E+03       0.445686030000000E+02
      -0.117148255000000E+03       0.445643710000000E+02
      -0.117147934000000E+03       0.445621430000000E+02
      -0.117142930000000E+03       0.445572360000000E+02
      -0.117144161000000E+03       0.445456470000000E+02
      -0.117149242000000E+03       0.445361510000000E+02
      -0.117152406000000E+03       0.445318020000000E+02
      -0.117161033000000E+03       0.445251660000000E+02
      -0.117167187000000E+03       0.445234310000000E+02
      -0.117181583000000E+03       0.445229600000000E+02
      -0.117185386000000E+03       0.445192610000000E+02
      -0.117189759000000E+03       0.445133850000000E+02
      -0.117191630000000E+03       0.445098860000000E+02
      -0.117191329000000E+03       0.445067840000000E+02
      -0.117192494000000E+03       0.445032720000000E+02
      -0.117194317000000E+03       0.444998840000000E+02
      -0.117200237000000E+03       0.444920270000000E+02
      -0.117208936000000E+03       0.444856610000000E+02
      -0.117211148000000E+03       0.444853590000000E+02
      -0.117216372000000E+03       0.444861600000000E+02
      -0.117221492084779E+03       0.444845535171141E+02
      -0.117224104000000E+03       0.444837340000000E+02
      -0.117225076000000E+03       0.444823460000000E+02
      -0.117225932000000E+03       0.444793890000000E+02
      -0.117225758000000E+03       0.444772230000000E+02
      -0.117224445000000E+03       0.444738840000000E+02
      -0.117221548000000E+03       0.444701460000000E+02
      -0.117217015000000E+03       0.444590420000000E+02
      -0.117215573000000E+03       0.444537460000000E+02
      -0.117214637000000E+03       0.444480300000000E+02
      -0.117215072000000E+03       0.444271620000000E+02
      -0.117218285000000E+03       0.444206640000000E+02
      -0.117225461000000E+03       0.444077290000000E+02
      -0.117226980000000E+03       0.444055830000000E+02
      -0.117234835000000E+03       0.443996690000000E+02
      -0.117242675000000E+03       0.443965480000000E+02
      -0.117243027000000E+03       0.443909740000000E+02
      -0.117235117000000E+03       0.443738530000000E+02
      -0.117227938000000E+03       0.443679750000000E+02
      -0.117216911000000E+03       0.443601630000000E+02
      -0.117210587000000E+03       0.443577030000000E+02
      -0.117206962000000E+03       0.443552060000000E+02
      -0.117197339000000E+03       0.443474060000000E+02
      -0.117196149000000E+03       0.443463620000000E+02
      -0.117189769000000E+03       0.443365850000000E+02
      -0.117189842000000E+03       0.443350070000000E+02
      -0.117191546000000E+03       0.443296210000000E+02
      -0.117192203000000E+03       0.443286300000000E+02
      -0.117203323000000E+03       0.443130240000000E+02
      -0.117205500000000E+03       0.443117890000000E+02
      -0.117215210000000E+03       0.443091160000000E+02
      -0.117216795000000E+03       0.443082360000000E+02
      -0.117217843000000E+03       0.443071800000000E+02
      -0.117220069000000E+03       0.443013820000000E+02
      -0.117222451000000E+03       0.442989630000000E+02
      -0.117222647000000E+03       0.442975780000000E+02
      -0.117216974000000E+03       0.442883570000000E+02
      -0.117198147000000E+03       0.442738280000000E+02
      -0.117193129000000E+03       0.442709630000000E+02
      -0.117170342000000E+03       0.442588900000000E+02
      -0.117157060000000E+03       0.442574900000000E+02
      -0.117143394000000E+03       0.442582620000000E+02
      -0.117138523000000E+03       0.442593700000000E+02
      -0.117133984000000E+03       0.442629720000000E+02
      -0.117133104000000E+03       0.442642360000000E+02
      -0.117132530000000E+03       0.442670450000000E+02
      -0.117130904000000E+03       0.442694530000000E+02
      -0.117121037000000E+03       0.442775850000000E+02
      -0.117118018000000E+03       0.442789450000000E+02
      -0.117111617000000E+03       0.442806670000000E+02
      -0.117107673000000E+03       0.442807630000000E+02
      -0.117104208000000E+03       0.442799400000000E+02
      -0.117102242000000E+03       0.442787990000000E+02
      -0.117098531000000E+03       0.442755330000000E+02
      -0.117094570000000E+03       0.442709780000000E+02
      -0.117093578000000E+03       0.442693830000000E+02
      -0.117090933000000E+03       0.442603110000000E+02
      -0.117089503000000E+03       0.442582340000000E+02
      -0.117078350000000E+03       0.442498850000000E+02
      -0.117067284000000E+03       0.442440100000000E+02
      -0.117059352000000E+03       0.442372440000000E+02
      -0.117056510000000E+03       0.442308740000000E+02
      -0.117053457501910E+03       0.442292968759870E+02
      -0.117053030000000E+03       0.442290760000000E+02
      -0.117052471333678E+03       0.442290297733215E+02
      -0.117050410155486E+03       0.442288592217456E+02
      -0.117050057000000E+03       0.442288300000000E+02
      -0.117049710817749E+03       0.442289354150960E+02
      -0.117047474445618E+03       0.442296164072109E+02
      -0.117047062000000E+03       0.442297420000000E+02
      -0.117046946111349E+03       0.442299113066603E+02
      -0.117046880100210E+03       0.442300077451424E+02
      -0.117045513000000E+03       0.442320050000000E+02
      -0.117042283000000E+03       0.442427750000000E+02
      -0.117035850000000E+03       0.442468050000000E+02
      -0.117031862000000E+03       0.442486350000000E+02
      -0.117027558000000E+03       0.442488810000000E+02
      -0.117025277000000E+03       0.442485050000000E+02
      -0.117020231000000E+03       0.442460630000000E+02
      -0.117016921000000E+03       0.442453910000000E+02
      -0.117001000000000E+03       0.442453860000000E+02
      -0.116986870000000E+03       0.442454770000000E+02
      -0.116976575082979E+03       0.442430049054704E+02
      -0.116975905000000E+03       0.442428440000000E+02
      -0.116975642468252E+03       0.442425258066334E+02
      -0.116973542000000E+03       0.442399800000000E+02
      -0.116971958000000E+03       0.442356770000000E+02
      -0.116973824351524E+03       0.442265237057854E+02
      -0.116973945000000E+03       0.442259320000000E+02
      -0.116973701000000E+03       0.442080170000000E+02
      -0.116971675000000E+03       0.441972560000000E+02
      -0.116967259000000E+03       0.441945810000000E+02
      -0.116965498000000E+03       0.441941260000000E+02
      -0.116947591000000E+03       0.441912640000000E+02
      -0.116945256000000E+03       0.441916770000000E+02
      -0.116940910270884E+03       0.441935480011207E+02
      -0.116940534000000E+03       0.441937100000000E+02
      -0.116939447669301E+03       0.441937637724094E+02
      -0.116939297150848E+03       0.441937712229398E+02
      -0.116935443000000E+03       0.441939620000000E+02
      -0.116925392000000E+03       0.441915440000000E+02
      -0.116903818093842E+03       0.441800356932566E+02
      -0.116903435484688E+03       0.441798315956085E+02
      -0.116902752000000E+03       0.441794670000000E+02
      -0.116900103000000E+03       0.441768510000000E+02
      -0.116895757000000E+03       0.441712670000000E+02
      -0.116894231166221E+03       0.441611713399416E+02
      -0.116894083000000E+03       0.441601910000000E+02
      -0.116894309000000E+03       0.441581140000000E+02
      -0.116895931000000E+03       0.441542950000000E+02
      -0.116913443944798E+03       0.441295578344992E+02
      -0.116916565903798E+03       0.441251480440639E+02
      -0.116927688000000E+03       0.441094380000000E+02
      -0.116928306000000E+03       0.441073260000000E+02
      -0.116933704000000E+03       0.441000390000000E+02
      -0.116937835000000E+03       0.440969430000000E+02
      -0.116939048454286E+03       0.440962825528212E+02
      -0.116941871857892E+03       0.440947458579755E+02
      -0.116943132000000E+03       0.440940600000000E+02
      -0.116943920509077E+03       0.440939283450652E+02
      -0.116957009000000E+03       0.440917430000000E+02
      -0.116966897380564E+03       0.440909601941225E+02
      -0.116967203000000E+03       0.440909360000000E+02
      -0.116971640746490E+03       0.440892735761019E+02
      -0.116974040936399E+03       0.440883744411304E+02
      -0.116974253000000E+03       0.440882950000000E+02
      -0.116974438484199E+03       0.440881195144652E+02
      -0.116977351000000E+03       0.440853640000000E+02
      -0.116976928603456E+03       0.440813488897026E+02
      -0.116975622770806E+03       0.440689362357825E+02
      -0.116975072163164E+03       0.440637024088346E+02
      -0.116974560219018E+03       0.440588360995739E+02
      -0.116974016000000E+03       0.440536630000000E+02
      -0.116973906128304E+03       0.440531026675700E+02
      -0.116973185000000E+03       0.440494250000000E+02
      -0.116972504000000E+03       0.440487710000000E+02
      -0.116972041941046E+03       0.440486038027539E+02
      -0.116956246000000E+03       0.440428880000000E+02
      -0.116956019310576E+03       0.440427605718669E+02
      -0.116955741331784E+03       0.440426043126200E+02
      -0.116943361000000E+03       0.440356450000000E+02
      -0.116937342000000E+03       0.440293760000000E+02
      -0.116934727000000E+03       0.440238060000000E+02
      -0.116934485000000E+03       0.440212490000000E+02
      -0.116936765000000E+03       0.440106080000000E+02
      -0.116939028890299E+03       0.440018866642977E+02
      -0.116940215685890E+03       0.439973146924329E+02
      -0.116942346398517E+03       0.439891064059665E+02
      -0.116942944140238E+03       0.439875124306186E+02
      -0.116946114734028E+03       0.439842360469795E+02
      -0.116957527000000E+03       0.439724430000000E+02
      -0.116966314000000E+03       0.439688840000000E+02
      -0.116969842417282E+03       0.439675877735202E+02
      -0.116971436384907E+03       0.439649975722674E+02
      -0.116971834884536E+03       0.439628058551988E+02
      -0.116971237150538E+03       0.439602156539461E+02
      -0.116970240909188E+03       0.439586216785982E+02
      -0.116969244675561E+03       0.439574261990178E+02
      -0.116967768685961E+03       0.439566390057085E+02
      -0.116966255974680E+03       0.439558322275311E+02
      -0.116963665773427E+03       0.439526442806964E+02
      -0.116963327966481E+03       0.439457755198264E+02
      -0.116962698693654E+03       0.439329802690849E+02
      -0.116962470297708E+03       0.439283362049053E+02
      -0.116963665773427E+03       0.439213625753070E+02
      -0.116966255974680E+03       0.439185731223093E+02
      -0.116967893135377E+03       0.439166868853879E+02
      -0.116976679387602E+03       0.439065639002879E+02
      -0.116977332000000E+03       0.439058120000000E+02
      -0.116976429000000E+03       0.439012930000000E+02
      -0.116976024000000E+03       0.438955480000000E+02
      -0.116976328348109E+03       0.438942624505325E+02
      -0.116980453246856E+03       0.438768391078539E+02
      -0.116982347000000E+03       0.438688400000000E+02
      -0.116982940000000E+03       0.438677100000000E+02
      -0.116986872388607E+03       0.438656965556080E+02
      -0.116989598000000E+03       0.438643010000000E+02
      -0.116991415000000E+03       0.438638640000000E+02
      -0.116997391000000E+03       0.438648740000000E+02
      -0.116999061000000E+03       0.438646370000000E+02
      -0.117005002858634E+03       0.438634354326130E+02
      -0.117008977737882E+03       0.438626316293644E+02
      -0.117010770224753E+03       0.438622691512413E+02
      -0.117013953935651E+03       0.438593583241071E+02
      -0.117015771563827E+03       0.438556484634247E+02
      -0.117017122984031E+03       0.438528901541364E+02
      -0.117022674419853E+03       0.438415594244731E+02
      -0.117026143013478E+03       0.438344798692124E+02
      -0.117026870719381E+03       0.438324786757780E+02
      -0.117026779756363E+03       0.438298407412216E+02
      -0.117026751432877E+03       0.438256168412922E+02
      -0.117026661637356E+03       0.438122255768089E+02
      -0.117026634000000E+03       0.438081040000000E+02
      -0.117026644772445E+03       0.437611050908254E+02
      -0.117026651000000E+03       0.437339350000000E+02
      -0.117026651000000E+03       0.437339350000000E+02
      -0.117026841000000E+03       0.437329050000000E+02
      -0.117026841000000E+03       0.437329050000000E+02
      -0.117026725000000E+03       0.437148150000000E+02
      -0.117026725000000E+03       0.437148150000000E+02
      -0.117026825000000E+03       0.437061930000000E+02
      -0.117026825000000E+03       0.437061930000000E+02
      -0.117026586000000E+03       0.436830010000000E+02
      -0.117026586000000E+03       0.436830010000000E+02
      -0.117026717000000E+03       0.436755230000000E+02
      -0.117026717000000E+03       0.436755230000000E+02
      -0.117026661000000E+03       0.436643850000000E+02
      -0.117026661000000E+03       0.436643850000000E+02
      -0.117026705000000E+03       0.436316590000000E+02
      -0.117026705000000E+03       0.436316590000000E+02
      -0.117026905000000E+03       0.436248800000000E+02
      -0.117026905000000E+03       0.436248800000000E+02
      -0.117027001000000E+03       0.436210320000000E+02
      -0.117027001000000E+03       0.436210320000000E+02
      -0.117026937000000E+03       0.436176140000000E+02
      -0.117026937000000E+03       0.436176140000000E+02
      -0.117026789000000E+03       0.436106690000000E+02
      -0.117026789000000E+03       0.436106690000000E+02
      -0.117026760000000E+03       0.436019120000000E+02
      -0.117026760000000E+03       0.436019120000000E+02
      -0.117026824000000E+03       0.436003570000000E+02
      -0.117026824000000E+03       0.436003570000000E+02
      -0.117026889000000E+03       0.435960330000000E+02
      -0.117026889000000E+03       0.435960330000000E+02
      -0.117026922000000E+03       0.435936320000000E+02
      -0.117026922000000E+03       0.435936320000000E+02
      -0.117026774000000E+03       0.435786740000000E+02
      -0.117026774000000E+03       0.435786740000000E+02
      -0.117026746000000E+03       0.435775260000000E+02
      -0.117026746000000E+03       0.435775260000000E+02
      -0.117026743812408E+03       0.435646704526436E+02
      -0.117026652000000E+03       0.430251280000000E+02
      -0.117026652000000E+03       0.430251280000000E+02
      -0.117026683000000E+03       0.430248760000000E+02
      -0.117026683000000E+03       0.430248760000000E+02
      -0.117026253000000E+03       0.428074470000000E+02
      -0.117026253000000E+03       0.428074470000000E+02
      -0.117026303000000E+03       0.428071700000000E+02
      -0.117026303000000E+03       0.428071700000000E+02
      -0.117026331000000E+03       0.428070150000000E+02
      -0.117026331000000E+03       0.428070150000000E+02
      -0.117026665000000E+03       0.426248780000000E+02
      -0.117026551000000E+03       0.423785570000000E+02
      -0.117026129000000E+03       0.423571930000000E+02
      -0.117026195000000E+03       0.421664040000000E+02
      -0.117026590000000E+03       0.421332580000000E+02
      -0.117026098000000E+03       0.421176470000000E+02
      -0.117026222000000E+03       0.420002520000000E+02
      -0.117026222000000E+03       0.420002520000000E+02
      -0.117040906000000E+03       0.419998900000000E+02
      -0.117048910000000E+03       0.419989830000000E+02
      -0.117055402000000E+03       0.419998900000000E+02
      -0.117068613000000E+03       0.420000350000000E+02
      -0.117080659323874E+03       0.420000671707763E+02
      -0.117166909048794E+03       0.420002975083162E+02
      -0.117197798000000E+03       0.420003800000000E+02
      -0.117208133687917E+03       0.420001220394804E+02
      -0.117217551000000E+03       0.419998870000000E+02
      -0.117403613000000E+03       0.419992900000000E+02
      -0.117443062000000E+03       0.419996590000000E+02
      -0.117506727800894E+03       0.419992389520966E+02
      -0.117591334616685E+03       0.419986807416431E+02
      -0.117613208039850E+03       0.419985364273423E+02
      -0.117623731000000E+03       0.419984670000000E+02
      -0.117625039372758E+03       0.419982539955144E+02
      -0.117625973000000E+03       0.419981020000000E+02
      -0.117631360390329E+03       0.419981070718884E+02
      -0.117656547269304E+03       0.419981307837473E+02
      -0.117863280569987E+03       0.419983254101182E+02
      -0.117873467000000E+03       0.419983350000000E+02
      -0.117886755449664E+03       0.419982799944009E+02
      -0.118197189000000E+03       0.419969950000000E+02
      -0.118501002000000E+03       0.419954460000000E+02
      -0.118601806000000E+03       0.419938950000000E+02
      -0.118696409000000E+03       0.419917940000000E+02
      -0.118775869000000E+03       0.419926920000000E+02
      -0.118775869000000E+03       0.419926920000000E+02
      -0.118777228000000E+03       0.419926710000000E+02
      -0.118777228000000E+03       0.419926710000000E+02
      -0.118795612000000E+03       0.419923940000000E+02
      -0.119001022000000E+03       0.419937930000000E+02
      -0.119208280000000E+03       0.419931770000000E+02
      -0.119231876000000E+03       0.419942120000000E+02
      -0.119251033000000E+03       0.419938430000000E+02
      -0.119360177000000E+03       0.419943840000000E+02
      -0.119444598000000E+03       0.419954780000000E+02
      -0.119725730000000E+03       0.419962960000000E+02
      -0.119790087000000E+03       0.419975440000000E+02
      -0.119848907000000E+03       0.419972810000000E+02
      -0.119872929000000E+03       0.419976410000000E+02
      -0.119876054000000E+03       0.419971990000000E+02
      -0.119986678000000E+03       0.419958420000000E+02
      -0.119999168000000E+03       0.419945400000000E+02
      -0.119999168000000E+03       0.419945400000000E+02
      -0.120001058000000E+03       0.419951390000000E+02
      -0.120158914373996E+03       0.419946571359958E+02
      -0.120181563000000E+03       0.419945880000000E+02
      -0.120190779760157E+03       0.419944535206126E+02
      -0.120286424000000E+03       0.419930580000000E+02
      -0.120286424000000E+03       0.419930580000000E+02
      -0.120326005000000E+03       0.419931220000000E+02
      -0.120326005000000E+03       0.419931220000000E+02
      -0.120501069000000E+03       0.419937850000000E+02
      -0.120506214100458E+03       0.419937603140542E+02
      -0.120508383819932E+03       0.419937499038440E+02
      -0.120515924401231E+03       0.419937137244958E+02
      -0.120621574968370E+03       0.419932068181307E+02
      -0.120647173000000E+03       0.419930840000000E+02
      -0.120692219000000E+03       0.419936770000000E+02
      -0.120692219000000E+03       0.419936770000000E+02
      -0.120693941000000E+03       0.419936760000000E+02
      -0.120693941000000E+03       0.419936760000000E+02
      -0.120812279000000E+03       0.419941830000000E+02
      -0.120879481000000E+03       0.419937810000000E+02
      -0.121035195000000E+03       0.419933230000000E+02
      -0.121094926000000E+03       0.419946580000000E+02
      -0.121126093000000E+03       0.419960100000000E+02
      -0.121247616000000E+03       0.419970540000000E+02
      -0.121251099000000E+03       0.419975700000000E+02
      -0.121309981000000E+03       0.419976120000000E+02
      -0.121316494412828E+03       0.419973565772793E+02
      -0.121317463171680E+03       0.419973185875144E+02
      -0.121334385000000E+03       0.419966550000000E+02
      -0.121334385000000E+03       0.419966550000000E+02
      -0.121335734000000E+03       0.419965180000000E+02
      -0.121335734000000E+03       0.419965180000000E+02
      -0.121340517000000E+03       0.419962200000000E+02
      -0.121340517000000E+03       0.419962200000000E+02
      -0.121360253000000E+03       0.419966800000000E+02
      -0.121360253000000E+03       0.419966800000000E+02
      -0.121376101000000E+03       0.419970260000000E+02
      -0.121376101000000E+03       0.419970260000000E+02
      -0.121428042236187E+03       0.419970224711437E+02
      -0.121434977000000E+03       0.419970220000000E+02
      -0.121434977000000E+03       0.419970220000000E+02
      -0.121439610000000E+03       0.419970800000000E+02
      -0.121439610000000E+03       0.419970800000000E+02
      -0.121519445893941E+03       0.419979739956874E+02
      -0.121520250000000E+03       0.419979830000000E+02
      -0.121520250000000E+03       0.419979830000000E+02
      -0.121580865000000E+03       0.419986680000000E+02
      -0.121580865000000E+03       0.419986680000000E+02
      -0.121600465443246E+03       0.419990171373685E+02
      -0.121675348000000E+03       0.420003510000000E+02
      -0.121675348000000E+03       0.420003510000000E+02
      -0.121689159000000E+03       0.420005840000000E+02
      -0.121689159000000E+03       0.420005840000000E+02
      -0.121705045000000E+03       0.420007660000000E+02
      -0.121705045000000E+03       0.420007660000000E+02
      -0.121708199000000E+03       0.420008150000000E+02
      -0.121708199000000E+03       0.420008150000000E+02
      -0.121824850744841E+03       0.420027140974466E+02
      -0.121829098166393E+03       0.420027832457258E+02
      -0.121846712000000E+03       0.420030700000000E+02
      -0.122000319000000E+03       0.420039670000000E+02
      -0.122101922000000E+03       0.420057660000000E+02
      -0.122155408000000E+03       0.420074290000000E+02
      -0.122155408000000E+03       0.420074290000000E+02
      -0.122156666000000E+03       0.420073840000000E+02
      -0.122156666000000E+03       0.420073840000000E+02
      -0.122160438000000E+03       0.420076370000000E+02
      -0.122160438000000E+03       0.420076370000000E+02
      -0.122161328000000E+03       0.420076370000000E+02
      -0.122161328000000E+03       0.420076370000000E+02
      -0.122261127000000E+03       0.420073640000000E+02
      -0.122289527000000E+03       0.420077640000000E+02
      -0.122378193000000E+03       0.420095180000000E+02
      -0.122397984000000E+03       0.420087580000000E+02
      -0.122501135000000E+03       0.420084600000000E+02
      -0.122615644675086E+03       0.420053727881676E+02
      -0.122616249037319E+03       0.420053564943982E+02
      -0.122634739000000E+03       0.420048580000000E+02
      -0.122712942000000E+03       0.420041570000000E+02
      -0.122800080000000E+03       0.420040710000000E+02
      -0.122876148000000E+03       0.420032470000000E+02
      -0.122893961000000E+03       0.420026050000000E+02
      -0.122941597000000E+03       0.420030850000000E+02
      -0.122961735116635E+03       0.420030780060469E+02
      -0.123045254000000E+03       0.420030490000000E+02
      -0.123065655000000E+03       0.420049480000000E+02
      -0.123083956000000E+03       0.420054480000000E+02
      -0.123145959000000E+03       0.420092470000000E+02
      -0.123154908000000E+03       0.420080360000000E+02
      -0.123192361000000E+03       0.420054460000000E+02
      -0.123230762000000E+03       0.420038450000000E+02
      -0.123347562000000E+03       0.419991080000000E+02
      -0.123351507208545E+03       0.419991264495635E+02
      -0.123381776000000E+03       0.419992680000000E+02
      -0.123434770000000E+03       0.420016410000000E+02
      -0.123498830000000E+03       0.420005250000000E+02
      -0.123498830000000E+03       0.420005250000000E+02
      -0.123498896000000E+03       0.420004740000000E+02
      -0.123498896000000E+03       0.420004740000000E+02
      -0.123501997000000E+03       0.420005270000000E+02
      -0.123501997000000E+03       0.420005270000000E+02
      -0.123525245000000E+03       0.420010470000000E+02
      -0.123529667831520E+03       0.420009173024694E+02
      -0.123530173290984E+03       0.420009024800996E+02
      -0.123552560000000E+03       0.420002460000000E+02
      -0.123624554000000E+03       0.419998370000000E+02
      -0.123631655037804E+03       0.419988083081717E+02
      -0.123656998000000E+03       0.419951370000000E+02
      -0.123728156000000E+03       0.419970070000000E+02
      -0.123789295000000E+03       0.419961110000000E+02
      -0.123813992000000E+03       0.419950960000000E+02
      -0.123821472000000E+03       0.419954730000000E+02
      -0.123834208000000E+03       0.419961160000000E+02
      -0.124001188000000E+03       0.419961460000000E+02
      -0.124086661000000E+03       0.419968690000000E+02
      -0.124086661000000E+03       0.419968690000000E+02
      -0.124087827000000E+03       0.419968910000000E+02
      -0.124087827000000E+03       0.419968910000000E+02
      -0.124100216000000E+03       0.419968420000000E+02
      -0.124100216000000E+03       0.419968420000000E+02
      -0.124100921000000E+03       0.419969560000000E+02
      -0.124100921000000E+03       0.419969560000000E+02
      -0.124126194000000E+03       0.419969920000000E+02
      -0.124211605000000E+03       0.419984600000000E+02
      -0.124211605000000E+03       0.419984600000000E+02
      -0.124214213000000E+03       0.420059390000000E+02
      -0.124238444032278E+03       0.420230033741919E+02
      -0.124244742249837E+03       0.420274388080575E+02
      -0.124265246385557E+03       0.420418785661488E+02
      -0.124270241159448E+03       0.420453960675789E+02
      -0.124270464000000E+03       0.420455530000000E+02
      -0.124280298447977E+03       0.420458222696282E+02
      -0.124282130451596E+03       0.420458724303423E+02
      -0.124287374000000E+03       0.420460160000000E+02
      -0.124288976827923E+03       0.420467628982257E+02
      -0.124294869638136E+03       0.420495088757750E+02
      -0.124299649000000E+03       0.420517360000000E+02
      -0.124314289000000E+03       0.420678640000000E+02
      -0.124315308216611E+03       0.420688200519577E+02
      -0.124315453705303E+03       0.420689565241727E+02
      -0.124318215302585E+03       0.420715469749747E+02
      -0.124341010000000E+03       0.420929290000000E+02
      -0.124356229000000E+03       0.421149520000000E+02
      -0.124357122000000E+03       0.421180160000000E+02
      -0.124351535000000E+03       0.421297960000000E+02
      -0.124351784000000E+03       0.421349650000000E+02
      -0.124355696000000E+03       0.421419640000000E+02
      -0.124361563000000E+03       0.421437670000000E+02
      -0.124366028000000E+03       0.421523430000000E+02
      -0.124366832000000E+03       0.421584500000000E+02
      -0.124363389000000E+03       0.421585880000000E+02
      -0.124360318000000E+03       0.421622720000000E+02
      -0.124361009000000E+03       0.421807520000000E+02
      -0.124367751000000E+03       0.421883210000000E+02
      -0.124373175000000E+03       0.421902180000000E+02
      -0.124374949000000E+03       0.421931290000000E+02
      -0.124376215000000E+03       0.421963810000000E+02
      -0.124375553000000E+03       0.422088200000000E+02
      -0.124376647899486E+03       0.422137710869015E+02
      -0.124377762000000E+03       0.422188090000000E+02
      -0.124383633000000E+03       0.422271600000000E+02
      -0.124391739491662E+03       0.422340921189256E+02
      -0.124410982000000E+03       0.422505470000000E+02
      -0.124411534000000E+03       0.422541150000000E+02
      -0.124408514000000E+03       0.422605880000000E+02
      -0.124405148000000E+03       0.422781070000000E+02
      -0.124405217535705E+03       0.422784840460434E+02
      -0.124405217535705E+03       0.422784840460434E+02
      -0.124410556000000E+03       0.423074310000000E+02
      -0.124418253162916E+03       0.423174222724913E+02
      -0.124418264386881E+03       0.423174368417159E+02
      -0.124429288000000E+03       0.423317460000000E+02
      -0.124427222000000E+03       0.423348800000000E+02
      -0.124425554000000E+03       0.423518740000000E+02
      -0.124424066000000E+03       0.423772420000000E+02
      -0.124424115045762E+03       0.423783610064549E+02
      -0.124424863000000E+03       0.423954260000000E+02
      -0.124424944847383E+03       0.423960620601482E+02
      -0.124425231675694E+03       0.423982910875250E+02
      -0.124427158653722E+03       0.424132662019504E+02
      -0.124428068000000E+03       0.424203330000000E+02
      -0.124428599658674E+03       0.424214708307079E+02
      -0.124434882000000E+03       0.424349160000000E+02
      -0.124435105000000E+03       0.424401630000000E+02
      -0.124422038000000E+03       0.424612260000000E+02
      -0.124423084000000E+03       0.424789520000000E+02
      -0.124421381000000E+03       0.424917370000000E+02
      -0.124411489588382E+03       0.425130973252049E+02
      -0.124399065000000E+03       0.425399280000000E+02
      -0.124390664000000E+03       0.425665930000000E+02
      -0.124389977000000E+03       0.425747580000000E+02
      -0.124395338663450E+03       0.425859115929193E+02
      -0.124400918000000E+03       0.425975180000000E+02
      -0.124399421000000E+03       0.426180790000000E+02
      -0.124401177000000E+03       0.426271920000000E+02
      -0.124413119000000E+03       0.426579340000000E+02
      -0.124416488876950E+03       0.426613084869048E+02
      -0.124416774000000E+03       0.426615940000000E+02
      -0.124430083912844E+03       0.426671599778025E+02
      -0.124441052503577E+03       0.426717468547607E+02
      -0.124450740000000E+03       0.426757980000000E+02
      -0.124451484000000E+03       0.426777870000000E+02
      -0.124447607847562E+03       0.426845297790603E+02
      -0.124447487000000E+03       0.426847400000000E+02
      -0.124447600504200E+03       0.426853701860449E+02
      -0.124447752990714E+03       0.426862168055857E+02
      -0.124448022798063E+03       0.426877148014918E+02
      -0.124448418000000E+03       0.426899090000000E+02
      -0.124459261975482E+03       0.427081322995194E+02
      -0.124473864000000E+03       0.427326710000000E+02
      -0.124478094469673E+03       0.427348362215816E+02
      -0.124489563830867E+03       0.427407064228370E+02
      -0.124490780445492E+03       0.427413291055288E+02
      -0.124491679000000E+03       0.427417890000000E+02
      -0.124492501638605E+03       0.427417027888304E+02
      -0.124498473000000E+03       0.427410770000000E+02
      -0.124499122000000E+03       0.427386060000000E+02
      -0.124508744166186E+03       0.427351969535126E+02
      -0.124510017000000E+03       0.427347460000000E+02
      -0.124511727272572E+03       0.427349103413214E+02
      -0.124513368000000E+03       0.427350680000000E+02
      -0.124514669000000E+03       0.427368060000000E+02
      -0.124514966120293E+03       0.427399963931381E+02
      -0.124515029727611E+03       0.427406793904161E+02
      -0.124516236000000E+03       0.427536320000000E+02
      -0.124516572733644E+03       0.427551164112265E+02
      -0.124524439000000E+03       0.427897930000000E+02
      -0.124531972277991E+03       0.428055808961642E+02
      -0.124536073000000E+03       0.428141750000000E+02
      -0.124544179000000E+03       0.428229580000000E+02
      -0.124552441000000E+03       0.428405680000000E+02
      -0.124551954653652E+03       0.428412834219870E+02
      -0.124547519335638E+03       0.428478078341492E+02
      -0.124541969168862E+03       0.428559722037618E+02
      -0.124535998322132E+03       0.428647553992182E+02
      -0.124500141000000E+03       0.429175020000000E+02
      -0.124482400900293E+03       0.429489053853743E+02
      -0.124480938000000E+03       0.429514950000000E+02
      -0.124479343937211E+03       0.429549700203339E+02
      -0.124477111259550E+03       0.429598372064444E+02
      -0.124463746496917E+03       0.429889720825701E+02
      -0.124462619000000E+03       0.429914300000000E+02
      -0.124456918000000E+03       0.430003150000000E+02
      -0.124436198000000E+03       0.430713120000000E+02
      -0.124433425172471E+03       0.430895579329886E+02
      -0.124432931489432E+03       0.430928064969728E+02
      -0.124432236000000E+03       0.430973830000000E+02
      -0.124432656500195E+03       0.431009146321123E+02
      -0.124433873888559E+03       0.431111390455386E+02
      -0.124433889432166E+03       0.431112695907841E+02
      -0.124433905406009E+03       0.431114037494282E+02
      -0.124434451000000E+03       0.431159860000000E+02
      -0.124433692163360E+03       0.431167841070598E+02
      -0.124429401112545E+03       0.431212972232826E+02
      -0.124427617097490E+03       0.431231735625839E+02
      -0.124426575055808E+03       0.431242695307798E+02
      -0.124424511257789E+03       0.431264401320434E+02
      -0.124424419091056E+03       0.431265370684805E+02
      -0.124424113000000E+03       0.431268590000000E+02
      -0.124419591262822E+03       0.431385813415648E+02
      -0.124402353359279E+03       0.431832696074294E+02
      -0.124401726000000E+03       0.431848960000000E+02
      -0.124400818270906E+03       0.431885988394947E+02
      -0.124396582135322E+03       0.432058790283138E+02
      -0.124395302000000E+03       0.432111010000000E+02
      -0.124395607000000E+03       0.432239080000000E+02
      -0.124393227203621E+03       0.432322815453486E+02
      -0.124382460000000E+03       0.432701670000000E+02
      -0.124388891000000E+03       0.432905230000000E+02
      -0.124393988000000E+03       0.432992600000000E+02
      -0.124400404000000E+03       0.433021210000000E+02
      -0.124402613756167E+03       0.433055603341838E+02
      -0.124402814000000E+03       0.433058720000000E+02
      -0.124401987107449E+03       0.433069672565716E+02
      -0.124398997103251E+03       0.433109276523240E+02
      -0.124393865879359E+03       0.433177241903778E+02
      -0.124391818233853E+03       0.433204363894341E+02
      -0.124387642000000E+03       0.433259680000000E+02
      -0.124386036508243E+03       0.433273954091379E+02
      -0.124380177283861E+03       0.433326047229756E+02
      -0.124376229000000E+03       0.433361150595686E+02
      -0.124373504769129E+03       0.433385371162521E+02
      -0.124373037000000E+03       0.433389530000000E+02
      -0.124354065360033E+03       0.433425287762415E+02
      -0.124353332000000E+03       0.433426670000000E+02
      -0.124352888078481E+03       0.433429946968555E+02
      -0.124343664622453E+03       0.433498033272315E+02
      -0.124341587000000E+03       0.433513370000000E+02
      -0.124335839708498E+03       0.433593501192744E+02
      -0.124315012000000E+03       0.433883890000000E+02
      -0.124286896000000E+03       0.434362960000000E+02
      -0.124278202540756E+03       0.434546004178459E+02
      -0.124255609000000E+03       0.435021720000000E+02
      -0.124241971293749E+03       0.435361244829068E+02
      -0.124233534000000E+03       0.435571300000000E+02
      -0.124232311538149E+03       0.435615658622766E+02
      -0.124218877122861E+03       0.436103143904457E+02
      -0.124212205292823E+03       0.436345239959656E+02
      -0.124205747258962E+03       0.436579578141744E+02
      -0.124203028000000E+03       0.436678250000000E+02
      -0.124203846350910E+03       0.436705312776615E+02
      -0.124204888000000E+03       0.436739760000000E+02
      -0.124198275000000E+03       0.436894810000000E+02
      -0.124193455000000E+03       0.437060850000000E+02
      -0.124183397075803E+03       0.437473464471552E+02
      -0.124169786369577E+03       0.438031827633498E+02
      -0.124168392000000E+03       0.438089030000000E+02
      -0.124162800264852E+03       0.438403546205839E+02
      -0.124160603513744E+03       0.438527106032198E+02
      -0.124158914277242E+03       0.438622119876967E+02
      -0.124158684489392E+03       0.438635044667008E+02
      -0.124156365528928E+03       0.438765478356602E+02
      -0.124155959588641E+03       0.438788311125963E+02
      -0.124150267000000E+03       0.439108500000000E+02
      -0.124142704000000E+03       0.439581820000000E+02
      -0.124140144744851E+03       0.439798877368822E+02
      -0.124135793077288E+03       0.440167954094730E+02
      -0.124135661193316E+03       0.440179139532011E+02
      -0.124135338652033E+03       0.440206495132896E+02
      -0.124133547000000E+03       0.440358450000000E+02
      -0.124133076442984E+03       0.440387422982362E+02
      -0.124128503865361E+03       0.440668964232880E+02
      -0.124124467670529E+03       0.440917479497974E+02
      -0.124123961706239E+03       0.440948632565398E+02
      -0.124122461352890E+03       0.441041011830016E+02
      -0.124122406000000E+03       0.441044420000000E+02
      -0.124122422262036E+03       0.441045451863742E+02
      -0.124122542974662E+03       0.441053111358911E+02
      -0.124124961458516E+03       0.441206569749275E+02
      -0.124125601375448E+03       0.441247173957615E+02
      -0.124125824000000E+03       0.441261300000000E+02
      -0.124125784451038E+03       0.441263353379589E+02
      -0.124124033839950E+03       0.441354244996127E+02
      -0.124122791231826E+03       0.441418761130976E+02
      -0.124117006000000E+03       0.441719130000000E+02
      -0.124114424000000E+03       0.441981640000000E+02
      -0.124115671000000E+03       0.442065540000000E+02
      -0.124111054000000E+03       0.442350710000000E+02
      -0.124108945000000E+03       0.442654750000000E+02
      -0.124109744000000E+03       0.442705970000000E+02
      -0.124114869000000E+03       0.442727210000000E+02
      -0.124115953000000E+03       0.442746410000000E+02
      -0.124115848979087E+03       0.442762772917891E+02
      -0.124115847444543E+03       0.442763014307872E+02
      -0.124115200000000E+03       0.442864860000000E+02
      -0.124115192270342E+03       0.442865077149162E+02
      -0.124114671313412E+03       0.442879712384568E+02
      -0.124110752630416E+03       0.442989799888422E+02
      -0.124109070000000E+03       0.443037070000000E+02
      -0.124109009713958E+03       0.443040887911366E+02
      -0.124108112284764E+03       0.443097722047401E+02
      -0.124108088000000E+03       0.443099260000000E+02
      -0.124109520556830E+03       0.443144334795626E+02
      -0.124109556000000E+03       0.443145450000000E+02
      -0.124109431593557E+03       0.443147860868986E+02
      -0.124104040425307E+03       0.443252336167619E+02
      -0.124100587000000E+03       0.443319260000000E+02
      -0.124092101000000E+03       0.443703880000000E+02
      -0.124092000290410E+03       0.443709794791911E+02
      -0.124084401000000E+03       0.444156110000000E+02
      -0.124081580453839E+03       0.444190143377917E+02
      -0.124081376145032E+03       0.444192608616364E+02
      -0.124080989000000E+03       0.444197280000000E+02
      -0.124075776318935E+03       0.444219370582042E+02
      -0.124075121865974E+03       0.444222144058233E+02
      -0.124071706000000E+03       0.444236620000000E+02
      -0.124067569000000E+03       0.444285820000000E+02
      -0.124070342946402E+03       0.444311500335568E+02
      -0.124070343053721E+03       0.444311501329095E+02
      -0.124073941000000E+03       0.444344810000000E+02
      -0.124079301000000E+03       0.444308630000000E+02
      -0.124082113000000E+03       0.444415180000000E+02
      -0.124082084180498E+03       0.444618318693916E+02
      -0.124082061000000E+03       0.444781710000000E+02
      -0.124084429000000E+03       0.444869270000000E+02
      -0.124083601000000E+03       0.445011230000000E+02
      -0.124078195255358E+03       0.445236714144742E+02
      -0.124076387000000E+03       0.445312140000000E+02
      -0.124071506238622E+03       0.445722570575371E+02
      -0.124069547430569E+03       0.445887289694771E+02
      -0.124069110683028E+03       0.445924016453242E+02
      -0.124067251000000E+03       0.446080400000000E+02
      -0.124068560934520E+03       0.446114649690805E+02
      -0.124069140000000E+03       0.446129790000000E+02
      -0.124069957409312E+03       0.446127237223154E+02
      -0.124082326000000E+03       0.446088610000000E+02
      -0.124083154422432E+03       0.446097067615065E+02
      -0.124083164002497E+03       0.446097165420839E+02
      -0.124084476000000E+03       0.446110560000000E+02
      -0.124065293906755E+03       0.446223906923297E+02
      -0.124065202000000E+03       0.446224450000000E+02
      -0.124065008000000E+03       0.446325040000000E+02
      -0.124063320657134E+03       0.446391164175158E+02
      -0.124062117995901E+03       0.446438294479054E+02
      -0.124058281000000E+03       0.446588660000000E+02
      -0.124059988588783E+03       0.446690369104842E+02
      -0.124060043000000E+03       0.446693610000000E+02
      -0.124060784067911E+03       0.446703742677172E+02
      -0.124061726921358E+03       0.446716634383138E+02
      -0.124070394000000E+03       0.446835140000000E+02
      -0.124066308277743E+03       0.446950105021082E+02
      -0.124063406000000E+03       0.447031770000000E+02
      -0.124062897926472E+03       0.447072236313649E+02
      -0.124059077000000E+03       0.447376560000000E+02
      -0.124066325000000E+03       0.447626710000000E+02
      -0.124069385851845E+03       0.447655926613811E+02
      -0.124071206584406E+03       0.447673305971836E+02
      -0.124075473000000E+03       0.447714030000000E+02
      -0.124075159096544E+03       0.447773606957221E+02
      -0.124075062758259E+03       0.447791891374896E+02
      -0.124074807367649E+03       0.447840362951653E+02
      -0.124074741404926E+03       0.447852882273399E+02
      -0.124074597634816E+03       0.447880168961402E+02
      -0.124074066000000E+03       0.447981070000000E+02
      -0.124072175602003E+03       0.448066509791447E+02
      -0.124070721130001E+03       0.448132247157167E+02
      -0.124067860064643E+03       0.448261557930795E+02
      -0.124066746000000E+03       0.448311910000000E+02
      -0.124064657636938E+03       0.448335997997223E+02
      -0.124063155000000E+03       0.448353330000000E+02
      -0.124059497732241E+03       0.448365109294204E+02
      -0.124054151000000E+03       0.448382330000000E+02
      -0.124053752855377E+03       0.448391113501567E+02
      -0.124053609276843E+03       0.448394280999524E+02
      -0.124053583316130E+03       0.448394853720985E+02
      -0.124048814000000E+03       0.448500070000000E+02
      -0.124045905541222E+03       0.448589521218560E+02
      -0.124032296000000E+03       0.449008090000000E+02
      -0.124025718551360E+03       0.449259484496502E+02
      -0.124025266928732E+03       0.449276745816106E+02
      -0.124025263098267E+03       0.449276892219035E+02
      -0.124025136000000E+03       0.449281750000000E+02
      -0.124025678000000E+03       0.449365420000000E+02
      -0.124024929555901E+03       0.449419333139760E+02
      -0.124023834000000E+03       0.449498250000000E+02
      -0.124017079422037E+03       0.449758329949281E+02
      -0.124016912295548E+03       0.449764765029170E+02
      -0.124015243000000E+03       0.449829040000000E+02
      -0.124014461966267E+03       0.449874571885472E+02
      -0.124014460452714E+03       0.449874660120991E+02
      -0.124012058566727E+03       0.450014682751357E+02
      -0.124012026604341E+03       0.450016546060994E+02
      -0.124011647520544E+03       0.450038645490659E+02
      -0.124009524202465E+03       0.450162428461244E+02
      -0.124005922468736E+03       0.450372398556940E+02
      -0.124004786945024E+03       0.450438596127471E+02
      -0.124004599344178E+03       0.450449532684873E+02
      -0.124004386000000E+03       0.450461970000000E+02
      -0.124004668000000E+03       0.450481670000000E+02
      -0.124009770000000E+03       0.450472660000000E+02
      -0.124017991000000E+03       0.450498080000000E+02
      -0.124016449607055E+03       0.450605768625767E+02
      -0.124016405807892E+03       0.450608828631836E+02
      -0.124015851000000E+03       0.450647590000000E+02
      -0.124015197237485E+03       0.450669149272517E+02
      -0.124015168125963E+03       0.450670109289701E+02
      -0.124012163000000E+03       0.450769210000000E+02
      -0.124006057000000E+03       0.450847360000000E+02
      -0.124004863000000E+03       0.450842320000000E+02
      -0.123989717009575E+03       0.450939246831901E+02
      -0.123989529000000E+03       0.450940450000000E+02
      -0.123989310680874E+03       0.450948411125191E+02
      -0.123987925595118E+03       0.450998919027580E+02
      -0.123987896367209E+03       0.450999984839099E+02
      -0.123987586033057E+03       0.451011301342078E+02
      -0.123976252109122E+03       0.451424599017837E+02
      -0.123975425000000E+03       0.451454760000000E+02
      -0.123973723210772E+03       0.451585817520540E+02
      -0.123973593781920E+03       0.451595785044191E+02
      -0.123968958384291E+03       0.451952764457395E+02
      -0.123968187000000E+03       0.452012170000000E+02
      -0.123972919000000E+03       0.452167840000000E+02
      -0.123970063576444E+03       0.452348393167740E+02
      -0.123968352853282E+03       0.452456565030782E+02
      -0.123965440762196E+03       0.452640701380460E+02
      -0.123965238932935E+03       0.452653463379401E+02
      -0.123962887000000E+03       0.452802180000000E+02
      -0.123963191871967E+03       0.452889712974658E+02
      -0.123964169000000E+03       0.453170260000000E+02
      -0.123969490095833E+03       0.453291334739545E+02
      -0.123972899000000E+03       0.453368900000000E+02
      -0.123978354164256E+03       0.453387461924115E+02
      -0.123978671000000E+03       0.453388540000000E+02
      -0.123984997932054E+03       0.453384100162173E+02
      -0.123986068418946E+03       0.453383348962672E+02
      -0.124007756000000E+03       0.453368130000000E+02
      -0.124007494000000E+03       0.453397400000000E+02
      -0.123991604771698E+03       0.453443067446188E+02
      -0.123989049143315E+03       0.453450412612322E+02
      -0.123980126105449E+03       0.453476058436264E+02
      -0.123979715000000E+03       0.453477240000000E+02
      -0.123979521424605E+03       0.453479405580679E+02
      -0.123979331080162E+03       0.453481535015822E+02
      -0.123978797794699E+03       0.453487501025581E+02
      -0.123973398000000E+03       0.453547910000000E+02
      -0.123973335423260E+03       0.453550475972684E+02
      -0.123972785834701E+03       0.453573011969781E+02
      -0.123970117788093E+03       0.453682415794909E+02
      -0.123965728000000E+03       0.453862420000000E+02
      -0.123962756298889E+03       0.454118362140124E+02
      -0.123962172690928E+03       0.454168626236418E+02
      -0.123960557000000E+03       0.454307780000000E+02
      -0.123961483622264E+03       0.454356084499817E+02
      -0.123961483622264E+03       0.454356084499828E+02
      -0.123964074000000E+03       0.454491120000000E+02
      -0.123965189950027E+03       0.454514247149951E+02
      -0.123972953000000E+03       0.454675130000000E+02
      -0.123973090722499E+03       0.454683651843317E+02
      -0.123973750897252E+03       0.454724501420057E+02
      -0.123973764008584E+03       0.454725312708787E+02
      -0.123976544000000E+03       0.454897330000000E+02
      -0.123976377233069E+03       0.454898424571124E+02
      -0.123970794000000E+03       0.454935070000000E+02
      -0.123966340000000E+03       0.454934170000000E+02
      -0.123957568000000E+03       0.455103990000000E+02
      -0.123954810008132E+03       0.455254062551930E+02
      -0.123949658939304E+03       0.455534351284134E+02
      -0.123948831245120E+03       0.455579389190076E+02
      -0.123947556000000E+03       0.455648780000000E+02
      -0.123950650950124E+03       0.455670500430965E+02
      -0.123956711000000E+03       0.455713030000000E+02
      -0.123951246000000E+03       0.455857750000000E+02
      -0.123949182102513E+03       0.455986139564430E+02
      -0.123949153952227E+03       0.455987890718748E+02
      -0.123947111177233E+03       0.456114966309153E+02
      -0.123941682422892E+03       0.456452674654528E+02
      -0.123939864888602E+03       0.456565738620838E+02
      -0.123939005000000E+03       0.456619230000000E+02
      -0.123939432620945E+03       0.457071678056930E+02
      -0.123939448000000E+03       0.457087950000000E+02
      -0.123939844831047E+03       0.457107652180727E+02
      -0.123941339174061E+03       0.457181844500909E+02
      -0.123942763639711E+03       0.457252567494597E+02
      -0.123943121000000E+03       0.457270310000000E+02
      -0.123946027000000E+03       0.457332490000000E+02
      -0.123954068212099E+03       0.457417305234109E+02
      -0.123963702522533E+03       0.457518923781775E+02
      -0.123963784936644E+03       0.457519793050241E+02
      -0.123968563000000E+03       0.457570190000000E+02
      -0.123977795652783E+03       0.457601784579200E+02
      -0.123982578000000E+03       0.457618150000000E+02
      -0.123981864000000E+03       0.457682850000000E+02
      -0.123969459000000E+03       0.457823710000000E+02
      -0.123969338623833E+03       0.457832033673558E+02
      -0.123961544000000E+03       0.458371010000000E+02
      -0.123962205237911E+03       0.458553366324224E+02
      -0.123962245632603E+03       0.458564506380429E+02
      -0.123962283979228E+03       0.458575081620618E+02
      -0.123962332482425E+03       0.458588457841901E+02
      -0.123962736000000E+03       0.458699740000000E+02
      -0.123964058915725E+03       0.458802007819046E+02
      -0.123965154513665E+03       0.458886702867757E+02
      -0.123966710953751E+03       0.459007023255543E+02
      -0.123967630000000E+03       0.459078070000000E+02
      -0.123969293811269E+03       0.459109720396821E+02
      -0.123979501000000E+03       0.459303890000000E+02
      -0.123993040000000E+03       0.459388420000000E+02
      -0.123993703000000E+03       0.459464310000000E+02
      -0.123969991000000E+03       0.459691390000000E+02
      -0.123960817920606E+03       0.459730338867340E+02
      -0.123958862396384E+03       0.459738642017265E+02
      -0.123957438000000E+03       0.459744690000000E+02
      -0.123956116422891E+03       0.459745698520751E+02
      -0.123941831000000E+03       0.459756600000000E+02
      -0.123941338231101E+03       0.459758460315613E+02
      -0.123937471000000E+03       0.459773060000000E+02
      -0.123936973912385E+03       0.459789798050386E+02
      -0.123936501029348E+03       0.459805721078578E+02
      -0.123933993638855E+03       0.459890150517549E+02
      -0.123930100313836E+03       0.460021247467930E+02
      -0.123929691248569E+03       0.460035021609250E+02
      -0.123927891000000E+03       0.460095640000000E+02
      -0.123927932642296E+03       0.460105020079183E+02
      -0.123928181641267E+03       0.460161108005702E+02
      -0.123928364611252E+03       0.460202322662523E+02
      -0.123928717509646E+03       0.460281814313197E+02
      -0.123928916908142E+03       0.460326729551818E+02
      -0.123929330000000E+03       0.460419780000000E+02
      -0.123929984501732E+03       0.460467933554096E+02
      -0.123933366000000E+03       0.460716720000000E+02
      -0.123941931796667E+03       0.460985570514676E+02
      -0.123944696901392E+03       0.461072357518510E+02
      -0.123946963084843E+03       0.461143485121812E+02
      -0.123947531000000E+03       0.461161310000000E+02
      -0.123951761905830E+03       0.461254005993236E+02
      -0.123956704397391E+03       0.461362292299466E+02
      -0.123959190000000E+03       0.461416750000000E+02
      -0.123961404750934E+03       0.461456974112478E+02
      -0.123963615242255E+03       0.461497120862241E+02
      -0.123974124000000E+03       0.461687980000000E+02
      -0.123976054719900E+03       0.461717988786642E+02
      -0.123977403342199E+03       0.461738950148693E+02
      -0.123986961025511E+03       0.461887503276124E+02
      -0.123996766000000E+03       0.462039900000000E+02
      -0.124005055889889E+03       0.462159101509936E+02
      -0.124010179751420E+03       0.462232778246224E+02
      -0.124010344000000E+03       0.462235140000000E+02
      -0.124024305000000E+03       0.462292560000000E+02
      -0.124011355000000E+03       0.462362230000000E+02
      -0.124001998000000E+03       0.462373160000000E+02
      -0.123998052000000E+03       0.462353270000000E+02
      -0.123988429000000E+03       0.462241320000000E+02
      -0.123990117059139E+03       0.462176298692593E+02
      -0.123987195606216E+03       0.462115213725739E+02
      -0.123982149467745E+03       0.462096622778656E+02
      -0.123961739000000E+03       0.462079160000000E+02
      -0.123952773293869E+03       0.462049619812170E+02
      -0.123950148000000E+03       0.462040970000000E+02
      -0.123927038000000E+03       0.461916170000000E+02
      -0.123924933984887E+03       0.461898676103976E+02
      -0.123912405080386E+03       0.461794504156136E+02
      -0.123904199840230E+03       0.461692931289232E+02
      -0.123891186105218E+03       0.461647781566926E+02
      -0.123858402973926E+03       0.461580779606678E+02
      -0.123856609520082E+03       0.461577114156843E+02
      -0.123854800757119E+03       0.461573417418327E+02
      -0.123842849364882E+03       0.461605287804489E+02
      -0.123841669685270E+03       0.461687865240170E+02
      -0.123841521431268E+03       0.461698243003104E+02
      -0.123843975610813E+03       0.461712327546029E+02
      -0.123852169323045E+03       0.461759351282282E+02
      -0.123862722430351E+03       0.461819915593126E+02
      -0.123863347000000E+03       0.461823500000000E+02
      -0.123866643000000E+03       0.461876740000000E+02
      -0.123864209000000E+03       0.461895270000000E+02
      -0.123849633174074E+03       0.461910667322413E+02
      -0.123838801000000E+03       0.461922110000000E+02
      -0.123824431798610E+03       0.461905866628593E+02
      -0.123821834000000E+03       0.461902930000000E+02
      -0.123793936000000E+03       0.461962830000000E+02
      -0.123787789950831E+03       0.461982768463985E+02
      -0.123771488734935E+03       0.462035651413197E+02
      -0.123759976000000E+03       0.462073000000000E+02
      -0.123752324578826E+03       0.462051217379902E+02
      -0.123736747000000E+03       0.462006870000000E+02
      -0.123712780000000E+03       0.461987510000000E+02
      -0.123706667000000E+03       0.461996650000000E+02
      -0.123684224246580E+03       0.462088007722872E+02
      -0.123675380000000E+03       0.462124010000000E+02
      -0.123673831000000E+03       0.462154180000000E+02
      -0.123666751000000E+03       0.462182280000000E+02
      -0.123655390000000E+03       0.462179740000000E+02
      -0.123636474000000E+03       0.462143590000000E+02
      -0.123632500000000E+03       0.462166810000000E+02
      -0.123626247000000E+03       0.462264340000000E+02
      -0.123625219007617E+03       0.462338681512695E+02
      -0.123622812000000E+03       0.462366400000000E+02
      -0.123613459000000E+03       0.462392280000000E+02
      -0.123605487000000E+03       0.462393000000000E+02
      -0.123600190000000E+03       0.462348136666667E+02
      -0.123596381433716E+03       0.462331361908862E+02
      -0.123586205000000E+03       0.462286540000000E+02
      -0.123548194000000E+03       0.462482450000000E+02
      -0.123547659000000E+03       0.462591090000000E+02
END
END
