         1      -0.797930543550997E+02       0.421819693242175E+02
      -0.797613740000000E+02       0.419990670000000E+02
      -0.797605251630575E+02       0.419990694931318E+02
      -0.797525798140579E+02       0.419990928295359E+02
      -0.797035786440387E+02       0.419992367516099E+02
      -0.796701280000000E+02       0.419993350000000E+02
      -0.796252870000000E+02       0.419990030000000E+02
      -0.796253010000000E+02       0.419990680000000E+02
      -0.796099845735655E+02       0.419989846999915E+02
      -0.796099845735655E+02       0.419989846999915E+02
      -0.795513850000000E+02       0.419986660000000E+02
      -0.795384450000000E+02       0.419985270000000E+02
      -0.795109917964501E+02       0.419984138132211E+02
      -0.794914990550030E+02       0.419983334466215E+02
      -0.794724720000000E+02       0.419982550000000E+02
      -0.793940342743019E+02       0.419984494213048E+02
      -0.792860739169371E+02       0.419987170194964E+02
      -0.792497720000000E+02       0.419988070000000E+02
      -0.791794849280095E+02       0.419994496348117E+02
      -0.791794483984992E+02       0.419994499688011E+02
      -0.791785700000000E+02       0.419994580000000E+02
      -0.791681677024925E+02       0.419994403532057E+02
      -0.791301948376213E+02       0.419993759348083E+02
      -0.790612650000000E+02       0.419992590000000E+02
      -0.790612650000000E+02       0.419992590000000E+02
      -0.790524721095057E+02       0.419992241432730E+02
      -0.789902172414148E+02       0.419989773528752E+02
      -0.789830650000000E+02       0.419989490000000E+02
      -0.789613796729843E+02       0.419986706903537E+02
      -0.789188550358953E+02       0.419981249288488E+02
      -0.788775744052094E+02       0.419975951329312E+02
      -0.788747590000000E+02       0.419975590000000E+02
      -0.787800745610877E+02       0.419979755948674E+02
      -0.787497540000000E+02       0.419981090000000E+02
      -0.787150805518822E+02       0.419985093987895E+02
      -0.786421685030735E+02       0.419993513657028E+02
      -0.786421685030694E+02       0.419993513657029E+02
      -0.786421685030621E+02       0.419993513657030E+02
      -0.786421685030568E+02       0.419993513657030E+02
      -0.786178097147543E+02       0.419996326538321E+02
      -0.785966500000000E+02       0.419998770000000E+02
      -0.785829528434573E+02       0.419998550672312E+02
      -0.785716530590039E+02       0.419998369732889E+02
      -0.785344245577666E+02       0.419997773606161E+02
      -0.784629363875033E+02       0.419996628891559E+02
      -0.783503079203058E+02       0.419994825412037E+02
      -0.783465350329310E+02       0.419994764998136E+02
      -0.783229380387264E+02       0.419994387147874E+02
      -0.783081280000000E+02       0.419994150000000E+02
      -0.783081280000000E+02       0.419994150000000E+02
      -0.782712040000000E+02       0.419989680000000E+02
      -0.782677848340103E+02       0.419990026412491E+02
      -0.782677848340016E+02       0.419990026412492E+02
      -0.782066040530340E+02       0.419996224937757E+02
      -0.781692991122307E+02       0.420000004484444E+02
      -0.781432211243066E+02       0.420002646573421E+02
      -0.781247300000000E+02       0.420004520000000E+02
      -0.780889777061092E+02       0.420000556991998E+02
      -0.780591026423554E+02       0.419997245452965E+02
      -0.780311770000000E+02       0.419994150000000E+02
      -0.780309630000000E+02       0.419993920000000E+02
      -0.780082275118524E+02       0.419989611436411E+02
      -0.779984912231311E+02       0.419987766328939E+02
      -0.779975080000000E+02       0.419987580000000E+02
      -0.779627562474079E+02       0.419987088580590E+02
      -0.779013806848368E+02       0.419986220677809E+02
      -0.779013806848323E+02       0.419986220677809E+02
      -0.779013806848265E+02       0.419986220677809E+02
      -0.778454912206958E+02       0.419985430353137E+02
      -0.778320300000000E+02       0.419985240000000E+02
      -0.778227990000000E+02       0.419985470000000E+02
      -0.777499310000000E+02       0.419987820000000E+02
      -0.777499310000000E+02       0.419987820000000E+02
      -0.777272931156990E+02       0.419989011940046E+02
      -0.776098177493231E+02       0.419995197305767E+02
      -0.775053080000000E+02       0.420000700000000E+02
      -0.774830067300534E+02       0.420000304499108E+02
      -0.774763034941358E+02       0.420000185620865E+02
      -0.774396951827585E+02       0.419999536392375E+02
      -0.773281643956380E+02       0.419997558454529E+02
      -0.773169033257055E+02       0.419997358745579E+02
      -0.772911738742365E+02       0.419996902447752E+02
      -0.772196388426785E+02       0.419995633812877E+02
      -0.771416516466374E+02       0.419994250752374E+02
      -0.771246930000000E+02       0.419993950000000E+02
      -0.771146154923867E+02       0.419995710595099E+02
      -0.771031335318146E+02       0.419997716555728E+02
      -0.770636760000000E+02       0.420004610000000E+02
      -0.770528622135416E+02       0.420005356763148E+02
      -0.770076350000000E+02       0.420008480000000E+02
      -0.770075360000000E+02       0.420008190000000E+02
      -0.769656860000000E+02       0.420012740000000E+02
      -0.769656860000000E+02       0.420012740000000E+02
      -0.769425850000000E+02       0.420015740000000E+02
      -0.769370840000000E+02       0.420016740000000E+02
      -0.769270840000000E+02       0.420016740000000E+02
      -0.769218840000000E+02       0.420016740000000E+02
      -0.769207840000000E+02       0.420017740000000E+02
      -0.768350790000000E+02       0.420017730000000E+02
      -0.768305886443674E+02       0.420017496139491E+02
      -0.768305886443674E+02       0.420017496139491E+02
      -0.768158780000000E+02       0.420016730000000E+02
      -0.767496750000000E+02       0.420016890000000E+02
      -0.767473469649978E+02       0.420016703569554E+02
      -0.767473469649978E+02       0.420016703569554E+02
      -0.766379727635999E+02       0.420007944817593E+02
      -0.765581180000000E+02       0.420001550000000E+02
      -0.765581180000000E+02       0.420001550000000E+02
      -0.765320921725837E+02       0.419998338618994E+02
      -0.765209265321987E+02       0.419996960867390E+02
      -0.764730519693167E+02       0.419991053525446E+02
      -0.764665400000000E+02       0.419990250000000E+02
      -0.764621550000000E+02       0.419989340000000E+02
      -0.763815399870315E+02       0.419985577003769E+02
      -0.763498980000000E+02       0.419984100000000E+02
      -0.763437220000000E+02       0.419983460000000E+02
      -0.762643100197155E+02       0.419985731892378E+02
      -0.761468630525335E+02       0.419989091925318E+02
      -0.761312010000000E+02       0.419989540000000E+02
      -0.761236960000000E+02       0.419989540000000E+02
      -0.761128532372006E+02       0.419988957055763E+02
      -0.761058400000000E+02       0.419988580000000E+02
      -0.761058400000000E+02       0.419988580000000E+02
      -0.760592832463158E+02       0.419989251283778E+02
      -0.759888423103917E+02       0.419990266944318E+02
      -0.759830820000000E+02       0.419990350000000E+02
      -0.759802500000000E+02       0.419990350000000E+02
      -0.758905662041147E+02       0.419988655737203E+02
      -0.758706770000000E+02       0.419988280000000E+02
      -0.757733508281273E+02       0.419980976370101E+02
      -0.757661402190020E+02       0.419980435265695E+02
      -0.757422170000000E+02       0.419978640000000E+02
      -0.756732276399692E+02       0.419984372506849E+02
      -0.756555940763848E+02       0.419985837725892E+02
      -0.756103160000000E+02       0.419989600000000E+02
      -0.756076121951147E+02       0.419989660664617E+02
      -0.754837380000000E+02       0.419992440000000E+02
      -0.754834210515514E+02       0.419992518347888E+02
      -0.754834210515514E+02       0.419992518347888E+02
      -0.754771440000000E+02       0.419994070000000E+02
      -0.754362160000000E+02       0.419993530000000E+02
      -0.754319610000000E+02       0.419993630000000E+02
      -0.753595790000000E+02       0.419994450000000E+02
      -0.753595790000000E+02       0.419994450000000E+02
      -0.753535040000000E+02       0.419971100000000E+02
      -0.753465680000000E+02       0.419953240000000E+02
      -0.753411250000000E+02       0.419927720000000E+02
      -0.753376020000000E+02       0.419867000000000E+02
      -0.753377910000000E+02       0.419843860000000E+02
      -0.753424600000000E+02       0.419743030000000E+02
      -0.753422040000000E+02       0.419728720000000E+02
      -0.753394880000000E+02       0.419707860000000E+02
      -0.753360971395056E+02       0.419703563267977E+02
      -0.753359920088236E+02       0.419703430051536E+02
      -0.753357710000000E+02       0.419703150000000E+02
      -0.753293180000000E+02       0.419682320000000E+02
      -0.753223840000000E+02       0.419616930000000E+02
      -0.753200400000000E+02       0.419608670000000E+02
      -0.753181680000000E+02       0.419542360000000E+02
      -0.753128170000000E+02       0.419501820000000E+02
      -0.753103580000000E+02       0.419490120000000E+02
      -0.753039660000000E+02       0.419482160000000E+02
      -0.753016640000000E+02       0.419483800000000E+02
      -0.753012330000000E+02       0.419489000000000E+02
      -0.753015930000000E+02       0.419528110000000E+02
      -0.753004090000000E+02       0.419538710000000E+02
      -0.752985800000000E+02       0.419545210000000E+02
      -0.752937130000000E+02       0.419545930000000E+02
      -0.752914300000000E+02       0.419524770000000E+02
      -0.752917620000000E+02       0.419470920000000E+02
      -0.752909660000000E+02       0.419450390000000E+02
      -0.752893830000000E+02       0.419428910000000E+02
      -0.752790940000000E+02       0.419389170000000E+02
      -0.752772430000000E+02       0.419335980000000E+02
      -0.752765010000000E+02       0.419266790000000E+02
      -0.752765520000000E+02       0.419222080000000E+02
      -0.752753680000000E+02       0.419195640000000E+02
      -0.752697360000000E+02       0.419113630000000E+02
      -0.752675620000000E+02       0.419070540000000E+02
      -0.752677730000000E+02       0.419019710000000E+02
      -0.752727780000000E+02       0.418971120000000E+02
      -0.752725810000000E+02       0.418931680000000E+02
      -0.752712920000000E+02       0.418873600000000E+02
      -0.752677890000000E+02       0.418859820000000E+02
      -0.752630050000000E+02       0.418851090000000E+02
      -0.752606230000000E+02       0.418837830000000E+02
      -0.752575640000000E+02       0.418771080000000E+02
      -0.752582053150195E+02       0.418756267455377E+02
      -0.752584390000000E+02       0.418750870000000E+02
      -0.752605365329003E+02       0.418738418263202E+02
      -0.752614880000000E+02       0.418732770000000E+02
      -0.752620038648979E+02       0.418727183495734E+02
      -0.752638150000000E+02       0.418707570000000E+02
      -0.752636730000000E+02       0.418681050000000E+02
      -0.752628020000000E+02       0.418662130000000E+02
      -0.752620180787912E+02       0.418653815266476E+02
      -0.752613052444586E+02       0.418646254522544E+02
      -0.752605270000000E+02       0.418638000000000E+02
      -0.752578250000000E+02       0.418621540000000E+02
      -0.752511970000000E+02       0.418620400000000E+02
      -0.752490993101271E+02       0.418628785435406E+02
      -0.752480450000000E+02       0.418633000000000E+02
      -0.752433450000000E+02       0.418668750000000E+02
      -0.752411340000000E+02       0.418671180000000E+02
      -0.752387430000000E+02       0.418656990000000E+02
      -0.752345650000000E+02       0.418615690000000E+02
      -0.752316120000000E+02       0.418594590000000E+02
      -0.752257200000000E+02       0.418574810000000E+02
      -0.752250923503009E+02       0.418574730990723E+02
      -0.752237340000000E+02       0.418574560000000E+02
      -0.752236337222209E+02       0.418575415236919E+02
      -0.752201250000000E+02       0.418605340000000E+02
      -0.752149700000000E+02       0.418674490000000E+02
      -0.752097410000000E+02       0.418692500000000E+02
      -0.752046017285991E+02       0.418698025231668E+02
      -0.752040020000000E+02       0.418698670000000E+02
      -0.751978360000000E+02       0.418688070000000E+02
      -0.751943820000000E+02       0.418672870000000E+02
      -0.751914410000000E+02       0.418650630000000E+02
      -0.751902030000000E+02       0.418624540000000E+02
      -0.751888880000000E+02       0.418612640000000E+02
      -0.751869930000000E+02       0.418601090000000E+02
      -0.751852540000000E+02       0.418599300000000E+02
      -0.751850149752496E+02       0.418600361727251E+02
      -0.751844906456822E+02       0.418602690753804E+02
      -0.751839370000000E+02       0.418605150000000E+02
      -0.751830185704067E+02       0.418614428013238E+02
      -0.751823752427907E+02       0.418620926935073E+02
      -0.751822710000000E+02       0.418621980000000E+02
      -0.751821088355113E+02       0.418625162958003E+02
      -0.751813945307285E+02       0.418639183303289E+02
      -0.751804970000000E+02       0.418656800000000E+02
      -0.751791340000000E+02       0.418699350000000E+02
      -0.751766330000000E+02       0.418723710000000E+02
      -0.751745740000000E+02       0.418726600000000E+02
      -0.751705650000000E+02       0.418716080000000E+02
      -0.751691420000000E+02       0.418702900000000E+02
      -0.751680530000000E+02       0.418670430000000E+02
      -0.751687330000000E+02       0.418592580000000E+02
      -0.751662170000000E+02       0.418538620000000E+02
      -0.751641680000000E+02       0.418515860000000E+02
      -0.751615410000000E+02       0.418498360000000E+02
      -0.751565120000000E+02       0.418483270000000E+02
      -0.751528980000000E+02       0.418485640000000E+02
      -0.751464460000000E+02       0.418508990000000E+02
      -0.751438240000000E+02       0.418517370000000E+02
      -0.751402410000000E+02       0.418520780000000E+02
      -0.751309830000000E+02       0.418451450000000E+02
      -0.751279130000000E+02       0.418449030000000E+02
      -0.751187890000000E+02       0.418458190000000E+02
      -0.751155980000000E+02       0.418446380000000E+02
      -0.751143990000000E+02       0.418435830000000E+02
      -0.751133690000000E+02       0.418406980000000E+02
      -0.751134410000000E+02       0.418362980000000E+02
      -0.751149980000000E+02       0.418303000000000E+02
      -0.751151470000000E+02       0.418272850000000E+02
      -0.751148370000000E+02       0.418256700000000E+02
      -0.751133340000000E+02       0.418227820000000E+02
      -0.751000240000000E+02       0.418183470000000E+02
      -0.750935370000000E+02       0.418133750000000E+02
      -0.750894840000000E+02       0.418115760000000E+02
      -0.750857890000000E+02       0.418116260000000E+02
      -0.750798180000000E+02       0.418148150000000E+02
      -0.750780630000000E+02       0.418151120000000E+02
      -0.750744090000000E+02       0.418150880000000E+02
      -0.750721720000000E+02       0.418137320000000E+02
      -0.750717510000000E+02       0.418119010000000E+02
      -0.750721680000000E+02       0.418083270000000E+02
      -0.750744120000000E+02       0.418021910000000E+02
      -0.750751744214192E+02       0.418010576791822E+02
      -0.750765832995698E+02       0.417989634162229E+02
      -0.750768890000000E+02       0.417985090000000E+02
      -0.750782700000000E+02       0.417974670000000E+02
      -0.750814150000000E+02       0.417964830000000E+02
      -0.750883280000000E+02       0.417975340000000E+02
      -0.750921132900317E+02       0.417965785222172E+02
      -0.750928760000000E+02       0.417963860000000E+02
      -0.750931881769598E+02       0.417960789853936E+02
      -0.751014630000000E+02       0.417879410000000E+02
      -0.751023290000000E+02       0.417865030000000E+02
      -0.751035480000000E+02       0.417820080000000E+02
      -0.751039274902889E+02       0.417792956174864E+02
      -0.751039505136036E+02       0.417791310598207E+02
      -0.751040130348168E+02       0.417786841934571E+02
      -0.751046400000000E+02       0.417742030000000E+02
      -0.751045523115947E+02       0.417737702892418E+02
      -0.751044753880960E+02       0.417733906994279E+02
      -0.751043340000000E+02       0.417726930000000E+02
      -0.751034920000000E+02       0.417712380000000E+02
      -0.751012482437592E+02       0.417693395060105E+02
      -0.751009900000000E+02       0.417691210000000E+02
      -0.751003673660711E+02       0.417690361311399E+02
      -0.750986351666415E+02       0.417688000216310E+02
      -0.750954510000000E+02       0.417683660000000E+02
      -0.750928100000000E+02       0.417683610000000E+02
      -0.750794780000000E+02       0.417712050000000E+02
      -0.750759420000000E+02       0.417715180000000E+02
      -0.750742310000000E+02       0.417705180000000E+02
      -0.750726640000000E+02       0.417688070000000E+02
      -0.750685670000000E+02       0.417672980000000E+02
      -0.750649010000000E+02       0.417666860000000E+02
      -0.750607590000000E+02       0.417646380000000E+02
      -0.750534310000000E+02       0.417525380000000E+02
      -0.750528080000000E+02       0.417447250000000E+02
      -0.750548180000000E+02       0.417351680000000E+02
      -0.750535270000000E+02       0.417271500000000E+02
      -0.750496990000000E+02       0.417150930000000E+02
      -0.750498620000000E+02       0.417133090000000E+02
      -0.750506890000000E+02       0.417119690000000E+02
      -0.750522260000000E+02       0.417113960000000E+02
      -0.750611740000000E+02       0.417129350000000E+02
      -0.750666300000000E+02       0.417125880000000E+02
      -0.750686420000000E+02       0.417101460000000E+02
      -0.750688300000000E+02       0.417081610000000E+02
      -0.750674077377914E+02       0.417056619606683E+02
      -0.750672780000000E+02       0.417054340000000E+02
      -0.750667392383817E+02       0.417050204359063E+02
      -0.750598290000000E+02       0.416997160000000E+02
      -0.750567450000000E+02       0.416957030000000E+02
      -0.750527360000000E+02       0.416883930000000E+02
      -0.750512340000000E+02       0.416824390000000E+02
      -0.750512850000000E+02       0.416799610000000E+02
      -0.750522635698291E+02       0.416788701235457E+02
      -0.750526530000000E+02       0.416784360000000E+02
      -0.750587650000000E+02       0.416744120000000E+02
      -0.750593320000000E+02       0.416723200000000E+02
      -0.750584300000000E+02       0.416696530000000E+02
      -0.750572510000000E+02       0.416689330000000E+02
      -0.750539910000000E+02       0.416681940000000E+02
      -0.750499200000000E+02       0.416625560000000E+02
      -0.750486830000000E+02       0.416563170000000E+02
      -0.750492810000000E+02       0.416418620000000E+02
      -0.750486580000000E+02       0.416337810000000E+02
      -0.750481990000000E+02       0.416320110000000E+02
      -0.750435620000000E+02       0.416236400000000E+02
      -0.750442240000000E+02       0.416179780000000E+02
      -0.750455080000000E+02       0.416162030000000E+02
      -0.750472980000000E+02       0.416157910000000E+02
      -0.750483850000000E+02       0.416159860000000E+02
      -0.750518560000000E+02       0.416181570000000E+02
      -0.750538500000000E+02       0.416186550000000E+02
      -0.750600980000000E+02       0.416174820000000E+02
      -0.750615600000000E+02       0.416164290000000E+02
      -0.750616750000000E+02       0.416154680000000E+02
      -0.750599560000000E+02       0.416123060000000E+02
      -0.750597250000000E+02       0.416108010000000E+02
      -0.750627160000000E+02       0.416096390000000E+02
      -0.750677950000000E+02       0.416101430000000E+02
      -0.750716670000000E+02       0.416095010000000E+02
      -0.750723912817404E+02       0.416091103431370E+02
      -0.750725705957183E+02       0.416090136263040E+02
      -0.750746260000000E+02       0.416079050000000E+02
      -0.750746130000000E+02       0.416057110000000E+02
      -0.750698541640012E+02       0.416018066167955E+02
      -0.750669550000000E+02       0.415994280000000E+02
      -0.750636770000000E+02       0.415947390000000E+02
      -0.750600120000000E+02       0.415908130000000E+02
      -0.750528580000000E+02       0.415877720000000E+02
      -0.750467600000000E+02       0.415832580000000E+02
      -0.750438790000000E+02       0.415750940000000E+02
      -0.750404900000000E+02       0.415696880000000E+02
      -0.750369890000000E+02       0.415670490000000E+02
      -0.750331620000000E+02       0.415650920000000E+02
      -0.750292110000000E+02       0.415646370000000E+02
      -0.750273430000000E+02       0.415635410000000E+02
      -0.750185240000000E+02       0.415518020000000E+02
      -0.750163280000000E+02       0.415465010000000E+02
      -0.750161440000000E+02       0.415442460000000E+02
      -0.750176260000000E+02       0.415427340000000E+02
      -0.750228280000000E+02       0.415414560000000E+02
      -0.750247980000000E+02       0.415398010000000E+02
      -0.750247570000000E+02       0.415350990000000E+02
      -0.750242060000000E+02       0.415340180000000E+02
      -0.750230180000000E+02       0.415331470000000E+02
      -0.750166160000000E+02       0.415321100000000E+02
      -0.750149190000000E+02       0.415313990000000E+02
      -0.750095520000000E+02       0.415284610000000E+02
      -0.750038500000000E+02       0.415240520000000E+02
      -0.750012970000000E+02       0.415206500000000E+02
      -0.750009110000000E+02       0.415192920000000E+02
      -0.750009350000000E+02       0.415176380000000E+02
      -0.750025920000000E+02       0.415145600000000E+02
      -0.750036837332450E+02       0.415111867990761E+02
      -0.750036910360968E+02       0.415111642349685E+02
      -0.750037060000000E+02       0.415111180000000E+02
      -0.750036940000000E+02       0.415092950000000E+02
      -0.750031510000000E+02       0.415081010000000E+02
      -0.749996120000000E+02       0.415074000000000E+02
      -0.749938930000000E+02       0.415087540000000E+02
      -0.749876450000000E+02       0.415087380000000E+02
      -0.749856530000000E+02       0.415079260000000E+02
      -0.749853712931468E+02       0.415076368161500E+02
      -0.749850300525988E+02       0.415072865184758E+02
      -0.749843720000000E+02       0.415066110000000E+02
      -0.749837294029508E+02       0.415047902544607E+02
      -0.749823850000000E+02       0.415009810000000E+02
      -0.749821680000000E+02       0.414984860000000E+02
      -0.749824630000000E+02       0.414964670000000E+02
      -0.749848664166528E+02       0.414901183196607E+02
      -0.749852470000000E+02       0.414891130000000E+02
      -0.749854027877561E+02       0.414876580856109E+02
      -0.749855035602045E+02       0.414867169636071E+02
      -0.749855950000000E+02       0.414858630000000E+02
      -0.749853745670688E+02       0.414850573567996E+02
      -0.749853075728370E+02       0.414848125047850E+02
      -0.749850040000000E+02       0.414837030000000E+02
      -0.749845549115217E+02       0.414829444374410E+02
      -0.749833410000000E+02       0.414808940000000E+02
      -0.749816520000000E+02       0.414799450000000E+02
      -0.749698870000000E+02       0.414774380000000E+02
      -0.749684577508130E+02       0.414773099121310E+02
      -0.749661498479771E+02       0.414771030802092E+02
      -0.749614369369911E+02       0.414766807138853E+02
      -0.749582600000000E+02       0.414763960000000E+02
      -0.749575210695486E+02       0.414765314772434E+02
      -0.749566017690430E+02       0.414767000239559E+02
      -0.749564110000000E+02       0.414767350000000E+02
      -0.749480800000000E+02       0.414806250000000E+02
      -0.749456340000000E+02       0.414832130000000E+02
      -0.749425490657055E+02       0.414834775837807E+02
      -0.749417980000000E+02       0.414835420000000E+02
      -0.749379854043233E+02       0.414830375438912E+02
      -0.749331412625123E+02       0.414823966007818E+02
      -0.749325850000000E+02       0.414823230000000E+02
      -0.749268350000000E+02       0.414783270000000E+02
      -0.749240920000000E+02       0.414771380000000E+02
      -0.749172820000000E+02       0.414770410000000E+02
      -0.749126287167181E+02       0.414756386674097E+02
      -0.749125170000000E+02       0.414756050000000E+02
      -0.749123078716429E+02       0.414754063405985E+02
      -0.749091810000000E+02       0.414724360000000E+02
      -0.749081330000000E+02       0.414681170000000E+02
      -0.749081030000000E+02       0.414646390000000E+02
      -0.749068870000000E+02       0.414611310000000E+02
      -0.749042000000000E+02       0.414598060000000E+02
      -0.748950690000000E+02       0.414581900000000E+02
      -0.748921140000000E+02       0.414569590000000E+02
      -0.748903580000000E+02       0.414553240000000E+02
      -0.748891160000000E+02       0.414525340000000E+02
      -0.748890750000000E+02       0.414512450000000E+02
      -0.748949310000000E+02       0.414460990000000E+02
      -0.748963990000000E+02       0.414421790000000E+02
      -0.748960250000000E+02       0.414399870000000E+02
      -0.748939130000000E+02       0.414389300000000E+02
      -0.748931624407828E+02       0.414388335570213E+02
      -0.748888644332125E+02       0.414382812852711E+02
      -0.748886910000000E+02       0.414382590000000E+02
      -0.748856722619356E+02       0.414387833071375E+02
      -0.748793295158913E+02       0.414398849419768E+02
      -0.748767210000000E+02       0.414403380000000E+02
      -0.748646880000000E+02       0.414439930000000E+02
      -0.748585780000000E+02       0.414444270000000E+02
      -0.748542000000000E+02       0.414431660000000E+02
      -0.748486020000000E+02       0.414401790000000E+02
      -0.748455720000000E+02       0.414375770000000E+02
      -0.748369150000000E+02       0.414316250000000E+02
      -0.748346350000000E+02       0.414307960000000E+02
      -0.748306710000000E+02       0.414305030000000E+02
      -0.748285920000000E+02       0.414306980000000E+02
      -0.748260310000000E+02       0.414317360000000E+02
      -0.748228800000000E+02       0.414367920000000E+02
      -0.748184811841349E+02       0.414401354602471E+02
      -0.748179950000000E+02       0.414405050000000E+02
      -0.748171635742078E+02       0.414408557223582E+02
      -0.748161515757815E+02       0.414412826161085E+02
      -0.748121230000000E+02       0.414429820000000E+02
      -0.748075820000000E+02       0.414428470000000E+02
      -0.748056550000000E+02       0.414421010000000E+02
      -0.748053241368902E+02       0.414418021775841E+02
      -0.748012842314930E+02       0.414381534955312E+02
      -0.748012250000000E+02       0.414381000000000E+02
      -0.748011688785782E+02       0.414379660962567E+02
      -0.748006151353874E+02       0.414366448844330E+02
      -0.748003700000000E+02       0.414360600000000E+02
      -0.748000950000000E+02       0.414326610000000E+02
      -0.747995460000000E+02       0.414312900000000E+02
      -0.747985394217533E+02       0.414295169669920E+02
      -0.747957746876358E+02       0.414246470377391E+02
      -0.747953960000000E+02       0.414239800000000E+02
      -0.747938560000000E+02       0.414226710000000E+02
      -0.747915561636180E+02       0.414219948922413E+02
      -0.747904170000000E+02       0.414216600000000E+02
      -0.747898010366364E+02       0.414217346898649E+02
      -0.747843390000000E+02       0.414223970000000E+02
      -0.747780290000000E+02       0.414251040000000E+02
      -0.747732390000000E+02       0.414263520000000E+02
      -0.747706500000000E+02       0.414262300000000E+02
      -0.747649528360987E+02       0.414240836228100E+02
      -0.747637010000000E+02       0.414236120000000E+02
      -0.747622844498642E+02       0.414235219767708E+02
      -0.747592964743172E+02       0.414233320878281E+02
      -0.747585870000000E+02       0.414232870000000E+02
      -0.747583134534720E+02       0.414234073397687E+02
      -0.747546004995325E+02       0.414250407584838E+02
      -0.747543590000000E+02       0.414251470000000E+02
      -0.747507536057496E+02       0.414279272401436E+02
      -0.747506800000000E+02       0.414279840000000E+02
      -0.747438210000000E+02       0.414306350000000E+02
      -0.747409320000000E+02       0.414311600000000E+02
      -0.747384550000000E+02       0.414306410000000E+02
      -0.747366880000000E+02       0.414292280000000E+02
      -0.747355190000000E+02       0.414274650000000E+02
      -0.747348930000000E+02       0.414258180000000E+02
      -0.747347310000000E+02       0.414226990000000E+02
      -0.747386840000000E+02       0.414134630000000E+02
      -0.747410860000000E+02       0.414114130000000E+02
      -0.747417170000000E+02       0.414078800000000E+02
      -0.747409630000000E+02       0.414051200000000E+02
      -0.747385540000000E+02       0.414011910000000E+02
      -0.747361030000000E+02       0.413983980000000E+02
      -0.747336400000000E+02       0.413969750000000E+02
      -0.747303840000000E+02       0.413956600000000E+02
      -0.747208910000000E+02       0.413946900000000E+02
      -0.747159790000000E+02       0.413925840000000E+02
      -0.747134110000000E+02       0.413898140000000E+02
      -0.747103910000000E+02       0.413821020000000E+02
      -0.747084580000000E+02       0.413789010000000E+02
      -0.747056375160003E+02       0.413768259607669E+02
      -0.747049386732258E+02       0.413763118198694E+02
      -0.747032820000000E+02       0.413750930000000E+02
      -0.746993745419140E+02       0.413729019283622E+02
      -0.746971789638625E+02       0.413716707779080E+02
      -0.746949680000000E+02       0.413704310000000E+02
      -0.746911290000000E+02       0.413673240000000E+02
      -0.746895160000000E+02       0.413638430000000E+02
      -0.746897670000000E+02       0.413615580000000E+02
      -0.746910760000000E+02       0.413603400000000E+02
      -0.746963980000000E+02       0.413573390000000E+02
      -0.746949140000000E+02       0.413574230000000E+02
      -0.746949140000000E+02       0.413574230000000E+02
      -0.747005950000000E+02       0.413545530000000E+02
      -0.747044290000000E+02       0.413540430000000E+02
      -0.747085140000000E+02       0.413527340000000E+02
      -0.747209230000000E+02       0.413473840000000E+02
      -0.747303730000000E+02       0.413459830000000E+02
      -0.747356220000000E+02       0.413465180000000E+02
      -0.747509420572629E+02       0.413461736313404E+02
      -0.747532390000000E+02       0.413461220000000E+02
      -0.747543295005731E+02       0.413456553839056E+02
      -0.747559710000000E+02       0.413449530000000E+02
      -0.747603250000000E+02       0.413403250000000E+02
      -0.747634990000000E+02       0.413315680000000E+02
      -0.747667140000000E+02       0.413285580000000E+02
      -0.747702906599101E+02       0.413260050250662E+02
      -0.747715880000000E+02       0.413250790000000E+02
      -0.747725738255352E+02       0.413248539843504E+02
      -0.747743017402593E+02       0.413244595861124E+02
      -0.747748870000000E+02       0.413243260000000E+02
      -0.747778637762194E+02       0.413242828840834E+02
      -0.747815840000000E+02       0.413242290000000E+02
      -0.747832896367910E+02       0.413240137232489E+02
      -0.747872073227974E+02       0.413235192529607E+02
      -0.747890950000000E+02       0.413232810000000E+02
      -0.747905663313380E+02       0.413228835798174E+02
      -0.747913589582220E+02       0.413226694839758E+02
      -0.747915185873382E+02       0.413226263666773E+02
      -0.747921160000000E+02       0.413224650000000E+02
      -0.747950400000000E+02       0.413204070000000E+02
      -0.747958220000000E+02       0.413185160000000E+02
      -0.747955243175401E+02       0.413181333765073E+02
      -0.747954945287356E+02       0.413180950877333E+02
      -0.747923770000000E+02       0.413140880000000E+02
      -0.747919910000000E+02       0.413116390000000E+02
      -0.747925580000000E+02       0.413106280000000E+02
      -0.748068580000000E+02       0.413031550000000E+02
      -0.748120330000000E+02       0.412981570000000E+02
      -0.748157030000000E+02       0.412961510000000E+02
      -0.748218840000000E+02       0.412938380000000E+02
      -0.748300570000000E+02       0.412872000000000E+02
      -0.748340670000000E+02       0.412811110000000E+02
      -0.748383660000000E+02       0.412772860000000E+02
      -0.748388585698707E+02       0.412761650524703E+02
      -0.748389124161953E+02       0.412760425137036E+02
      -0.748395047228775E+02       0.412746945938414E+02
      -0.748411370000000E+02       0.412709800000000E+02
      -0.748463190000000E+02       0.412630770000000E+02
      -0.748463699830225E+02       0.412626677726372E+02
      -0.748464457941265E+02       0.412620592567708E+02
      -0.748465060000000E+02       0.412615760000000E+02
      -0.748450310000000E+02       0.412580550000000E+02
      -0.748458830000000E+02       0.412549450000000E+02
      -0.748469320000000E+02       0.412533180000000E+02
      -0.748489870000000E+02       0.412511920000000E+02
      -0.748546690000000E+02       0.412505100000000E+02
      -0.748560030000000E+02       0.412500940000000E+02
      -0.748571510000000E+02       0.412489750000000E+02
      -0.748616780000000E+02       0.412415750000000E+02
      -0.748620490000000E+02       0.412376090000000E+02
      -0.748661820000000E+02       0.412321320000000E+02
      -0.748674050000000E+02       0.412277700000000E+02
      -0.748668390000000E+02       0.412268650000000E+02
      -0.748608370000000E+02       0.412223170000000E+02
      -0.748593230000000E+02       0.412205070000000E+02
      -0.748596320000000E+02       0.412190770000000E+02
      -0.748603980000000E+02       0.412174540000000E+02
      -0.748672870000000E+02       0.412087540000000E+02
      -0.748740340000000E+02       0.411985430000000E+02
      -0.748782750000000E+02       0.411904890000000E+02
      -0.748784920000000E+02       0.411875040000000E+02
      -0.748821390000000E+02       0.411808360000000E+02
      -0.748822908466698E+02       0.411806851746736E+02
      -0.748823243463880E+02       0.411806519002795E+02
      -0.748894240000000E+02       0.411736000000000E+02
      -0.748997010000000E+02       0.411661810000000E+02
      -0.749011720000000E+02       0.411638700000000E+02
      -0.749017800000000E+02       0.411613940000000E+02
      -0.749052560000000E+02       0.411556680000000E+02
      -0.749231690000000E+02       0.411381460000000E+02
      -0.749311410000000E+02       0.411333870000000E+02
      -0.749450670000000E+02       0.411290520000000E+02
      -0.749477140000000E+02       0.411262920000000E+02
      -0.749473340000000E+02       0.411244390000000E+02
      -0.749479120000000E+02       0.411235600000000E+02
      -0.749642940000000E+02       0.411142370000000E+02
      -0.749662980000000E+02       0.411136690000000E+02
      -0.749693120000000E+02       0.411138690000000E+02
      -0.749729170000000E+02       0.411133270000000E+02
      -0.749798730000000E+02       0.411104230000000E+02
      -0.749822120000000E+02       0.411082450000000E+02
      -0.749917180000000E+02       0.410922840000000E+02
      -0.749918150000000E+02       0.410891320000000E+02
      -0.749910130000000E+02       0.410885780000000E+02
      -0.749882630000000E+02       0.410882220000000E+02
      -0.749847820000000E+02       0.410885450000000E+02
      -0.749836101940336E+02       0.410889893266568E+02
      -0.749813140000000E+02       0.410898600000000E+02
      -0.749758331098469E+02       0.410936982630012E+02
      -0.749752980000000E+02       0.410940730000000E+02
      -0.749720360000000E+02       0.410955620000000E+02
      -0.749694340000000E+02       0.410960740000000E+02
      -0.749674640000000E+02       0.410953270000000E+02
      -0.749668808316605E+02       0.410937536862671E+02
      -0.749667590000000E+02       0.410934250000000E+02
      -0.749668461807967E+02       0.410931239855683E+02
      -0.749683890000000E+02       0.410877970000000E+02
      -0.749709870000000E+02       0.410852930000000E+02
      -0.749825900000000E+02       0.410791720000000E+02
      -0.749893320000000E+02       0.410783190000000E+02
      -0.749948470000000E+02       0.410765560000000E+02
      -0.749996170000000E+02       0.410739430000000E+02
      -0.750063760000000E+02       0.410675460000000E+02
      -0.750111330000000E+02       0.410675210000000E+02
      -0.750125700000000E+02       0.410662810000000E+02
      -0.750152710000000E+02       0.410612150000000E+02
      -0.750158670000000E+02       0.410582100000000E+02
      -0.750172390000000E+02       0.410554910000000E+02
      -0.750191860000000E+02       0.410529680000000E+02
      -0.750257020000000E+02       0.410464820000000E+02
      -0.750263760000000E+02       0.410444400000000E+02
      -0.750254300000000E+02       0.410407100000000E+02
      -0.750257770000000E+02       0.410398060000000E+02
      -0.750307010000000E+02       0.410384160000000E+02
      -0.750344960000000E+02       0.410367550000000E+02
      -0.750406680000000E+02       0.410317550000000E+02
      -0.750441534968810E+02       0.410302219836080E+02
      -0.750705320000000E+02       0.410186200000000E+02
      -0.750749990000000E+02       0.410171300000000E+02
      -0.750811010000000E+02       0.410168380000000E+02
      -0.750897870000000E+02       0.410145490000000E+02
      -0.750903120000000E+02       0.410133020000000E+02
      -0.750911708561997E+02       0.410125767873279E+02
      -0.750925939428321E+02       0.410113751420937E+02
      -0.750955560000000E+02       0.410088740000000E+02
      -0.750964525556075E+02       0.410084965581348E+02
      -0.750994795039129E+02       0.410072222400616E+02
      -0.751006820000000E+02       0.410067160000000E+02
      -0.751091140000000E+02       0.410041020000000E+02
      -0.751105950000000E+02       0.410021740000000E+02
      -0.751234230000000E+02       0.409961290000000E+02
      -0.751271960000000E+02       0.409939540000000E+02
      -0.751281619769948E+02       0.409931361070783E+02
      -0.751290227226287E+02       0.409924073135719E+02
      -0.751305750000000E+02       0.409910930000000E+02
      -0.751308701687475E+02       0.409904729759931E+02
      -0.751314959775087E+02       0.409891584179342E+02
      -0.751316190000000E+02       0.409889000000000E+02
      -0.751316111385863E+02       0.409885479146632E+02
      -0.751315300000000E+02       0.409849140000000E+02
      -0.751321060000000E+02       0.409825660000000E+02
      -0.751330860000000E+02       0.409801790000000E+02
      -0.751355210000000E+02       0.409768650000000E+02
      -0.751355260000000E+02       0.409738070000000E+02
      -0.751337800000000E+02       0.409709730000000E+02
      -0.751313640000000E+02       0.409692770000000E+02
      -0.751290740000000E+02       0.409689760000000E+02
      -0.751226030000000E+02       0.409701520000000E+02
      -0.751204350000000E+02       0.409683020000000E+02
      -0.751197700000000E+02       0.409665100000000E+02
      -0.751206500000000E+02       0.409640280000000E+02
      -0.751203160000000E+02       0.409626300000000E+02
      -0.751198930000000E+02       0.409616460000000E+02
      -0.751189040000000E+02       0.409563610000000E+02
      -0.751177640000000E+02       0.409530230000000E+02
      -0.751116830000000E+02       0.409481110000000E+02
      -0.751061530000000E+02       0.409396710000000E+02
      -0.751055240000000E+02       0.409362940000000E+02
      -0.751001931039329E+02       0.409297260136232E+02
      -0.750977200000000E+02       0.409266790000000E+02
      -0.750955260000000E+02       0.409241520000000E+02
      -0.750871477616947E+02       0.409188601010963E+02
      -0.750792790000000E+02       0.409138900000000E+02
      -0.750775608795102E+02       0.409109241527491E+02
      -0.750769560000000E+02       0.409098800000000E+02
      -0.750760920000000E+02       0.409070420000000E+02
      -0.750751880000000E+02       0.409001540000000E+02
      -0.750759570000000E+02       0.408956940000000E+02
      -0.750753400000000E+02       0.408941620000000E+02
      -0.750739200000000E+02       0.408921760000000E+02
      -0.750654380000000E+02       0.408856820000000E+02
      -0.750642855770545E+02       0.408844931368033E+02
      -0.750621490000000E+02       0.408822890000000E+02
      -0.750586550000000E+02       0.408776540000000E+02
      -0.750536640000000E+02       0.408736600000000E+02
      -0.750522910709776E+02       0.408714719739699E+02
      -0.750515080000000E+02       0.408702240000000E+02
      -0.750508390000000E+02       0.408680670000000E+02
      -0.750510290000000E+02       0.408656620000000E+02
      -0.750514858634928E+02       0.408644997715471E+02
      -0.750532940000000E+02       0.408599000000000E+02
      -0.750604910000000E+02       0.408530200000000E+02
      -0.750643280000000E+02       0.408483380000000E+02
      -0.750660140000000E+02       0.408475910000000E+02
      -0.750708300000000E+02       0.408473920000000E+02
      -0.750735440000000E+02       0.408489400000000E+02
      -0.750766840000000E+02       0.408498750000000E+02
      -0.750909620000000E+02       0.408491870000000E+02
      -0.750957840000000E+02       0.408470820000000E+02
      -0.750972210000000E+02       0.408446720000000E+02
      -0.750975860000000E+02       0.408430420000000E+02
      -0.750975720000000E+02       0.408409670000000E+02
      -0.750970060000000E+02       0.408393360000000E+02
      -0.750949400000000E+02       0.408371030000000E+02
      -0.750855170000000E+02       0.408300850000000E+02
      -0.750838220000000E+02       0.408278050000000E+02
      -0.750838257547604E+02       0.408276880058763E+02
      -0.750838266911694E+02       0.408276588284217E+02
      -0.750839290000000E+02       0.408244710000000E+02
      -0.750853870000000E+02       0.408219720000000E+02
      -0.750905180000000E+02       0.408159130000000E+02
      -0.750961470000000E+02       0.408122110000000E+02
      -0.750982790000000E+02       0.408102860000000E+02
      -0.751002770000000E+02       0.408075780000000E+02
      -0.751007390000000E+02       0.408054880000000E+02
      -0.751001650000000E+02       0.408030000000000E+02
      -0.751002770000000E+02       0.408011760000000E+02
      -0.751008000000000E+02       0.407997970000000E+02
      -0.751085050000000E+02       0.407910940000000E+02
      -0.751113430000000E+02       0.407898960000000E+02
      -0.751161956335924E+02       0.407894141782249E+02
      -0.751168420000000E+02       0.407893500000000E+02
      -0.751185586407150E+02       0.407886343207778E+02
      -0.751189784848222E+02       0.407884592849060E+02
      -0.751230880000000E+02       0.407867460000000E+02
      -0.751258670000000E+02       0.407840260000000E+02
      -0.751282414179401E+02       0.407806005267445E+02
      -0.751314650000000E+02       0.407759500000000E+02
      -0.751333030000000E+02       0.407741240000000E+02
      -0.751344000000000E+02       0.407737650000000E+02
      -0.751391060000000E+02       0.407736060000000E+02
      -0.751493780000000E+02       0.407747860000000E+02
      -0.751605846802755E+02       0.407776127971547E+02
      -0.751636500000000E+02       0.407783860000000E+02
      -0.751654494111894E+02       0.407784126556740E+02
      -0.751695230000000E+02       0.407784730000000E+02
      -0.751715870000000E+02       0.407777450000000E+02
      -0.751733490000000E+02       0.407761290000000E+02
      -0.751742483422260E+02       0.407748593869764E+02
      -0.751756200000000E+02       0.407729230000000E+02
      -0.751768550000000E+02       0.407687210000000E+02
      -0.751774770000000E+02       0.407642250000000E+02
      -0.751790400000000E+02       0.407618970000000E+02
      -0.751830370000000E+02       0.407593440000000E+02
      -0.751917960000000E+02       0.407558300000000E+02
      -0.751957112155264E+02       0.407523594511304E+02
      -0.751965330000000E+02       0.407516310000000E+02
      -0.751968610000000E+02       0.407500970000000E+02
      -0.751963250000000E+02       0.407471370000000E+02
      -0.751953490000000E+02       0.407454730000000E+02
      -0.751898342665645E+02       0.407407432040647E+02
      -0.751861624150675E+02       0.407375939841633E+02
      -0.751857800000000E+02       0.407372660000000E+02
      -0.751852500233947E+02       0.407366220499312E+02
      -0.751851817353667E+02       0.407365390763057E+02
      -0.751828040000000E+02       0.407336500000000E+02
      -0.751820840000000E+02       0.407315220000000E+02
      -0.751825000000000E+02       0.407299220000000E+02
      -0.751858010784056E+02       0.407248476150128E+02
      -0.751861864878384E+02       0.407242551674551E+02
      -0.751863720000000E+02       0.407239700000000E+02
      -0.751894120000000E+02       0.407179700000000E+02
      -0.751926120000000E+02       0.407158740000000E+02
      -0.751934146669543E+02       0.407150500233035E+02
      -0.751941330904751E+02       0.407143125265919E+02
      -0.751944200000000E+02       0.407140180000000E+02
      -0.751959475662055E+02       0.407109202378345E+02
      -0.751987200000000E+02       0.407052980000000E+02
      -0.752024287667161E+02       0.406954555037150E+02
      -0.752039200000000E+02       0.406914980000000E+02
      -0.752028990697674E+02       0.406894561395349E+02
      -0.752009200000000E+02       0.406854980000000E+02
      -0.751969200000000E+02       0.406812990000000E+02
      -0.751905800000000E+02       0.406793790000000E+02
      -0.751902235076711E+02       0.406794138026812E+02
      -0.751902099437226E+02       0.406794151268661E+02
      -0.751845160000000E+02       0.406799710000000E+02
      -0.751840592073327E+02       0.406799007242050E+02
      -0.751822561503760E+02       0.406796233308271E+02
      -0.751805640000000E+02       0.406793630000000E+02
      -0.751803579550232E+02       0.406792500455485E+02
      -0.751778204775908E+02       0.406778589930898E+02
      -0.751775870000000E+02       0.406777310000000E+02
      -0.751774377538359E+02       0.406773472241494E+02
      -0.751768817692308E+02       0.406759175494505E+02
      -0.751768030000000E+02       0.406757150000000E+02
      -0.751768476209972E+02       0.406755126489664E+02
      -0.751774910000000E+02       0.406725950000000E+02
      -0.751792077370081E+02       0.406704351394224E+02
      -0.751816456174503E+02       0.406673679941139E+02
      -0.751827560000000E+02       0.406659710000000E+02
      -0.751828162825417E+02       0.406659458822743E+02
      -0.751879400000000E+02       0.406638110000000E+02
      -0.751908520000000E+02       0.406619390000000E+02
      -0.751916565418968E+02       0.406609974207471E+02
      -0.751966760000000E+02       0.406551230000000E+02
      -0.752004520000000E+02       0.406492190000000E+02
      -0.752004680000000E+02       0.406468990000000E+02
      -0.751934920000000E+02       0.406422750000000E+02
      -0.751922760000000E+02       0.406408030000000E+02
      -0.751910590000000E+02       0.406379710000000E+02
      -0.751885790000000E+02       0.406246280000000E+02
      -0.751892830000000E+02       0.406214920000000E+02
      -0.751906910000000E+02       0.406199560000000E+02
      -0.751978910000000E+02       0.406193320000000E+02
      -0.752007080000000E+02       0.406183560000000E+02
      -0.752018120000000E+02       0.406171880000000E+02
      -0.752013480000000E+02       0.406146280000000E+02
      -0.751984990000000E+02       0.406114920000000E+02
      -0.751968030000000E+02       0.406085800000000E+02
      -0.751959230000000E+02       0.406067880000000E+02
      -0.751922910000000E+02       0.406026760000000E+02
      -0.751906357214487E+02       0.405931710741651E+02
      -0.751903750954269E+02       0.405916745097308E+02
      -0.751901460000000E+02       0.405903590000000E+02
      -0.751907960000000E+02       0.405868380000000E+02
      -0.751912823957628E+02       0.405862208066201E+02
      -0.751913584950690E+02       0.405861242433036E+02
      -0.751917574022602E+02       0.405856180652149E+02
      -0.751941129128927E+02       0.405826291297024E+02
      -0.751946560000000E+02       0.405819400000000E+02
      -0.751951140000000E+02       0.405796890000000E+02
      -0.751948700000000E+02       0.405785910000000E+02
      -0.751940460000000E+02       0.405762560000000E+02
      -0.751923520000000E+02       0.405742570000000E+02
      -0.751891697716352E+02       0.405715077587182E+02
      -0.751872477646668E+02       0.405698472679250E+02
      -0.751867370000000E+02       0.405694060000000E+02
      -0.751854690371216E+02       0.405686804395353E+02
      -0.751840442833015E+02       0.405678651593237E+02
      -0.751831510000000E+02       0.405673540000000E+02
      -0.751819276044836E+02       0.405669862327094E+02
      -0.751767419939615E+02       0.405654273763082E+02
      -0.751753070000000E+02       0.405649960000000E+02
      -0.751745891334471E+02       0.405649011490147E+02
      -0.751706986605954E+02       0.405643871047517E+02
      -0.751686090000000E+02       0.405641110000000E+02
      -0.751669101800440E+02       0.405641065590276E+02
      -0.751663766222756E+02       0.405641051642269E+02
      -0.751628710000000E+02       0.405640960000000E+02
      -0.751587498112565E+02       0.405652042970858E+02
      -0.751584460000000E+02       0.405652860000000E+02
      -0.751496167456851E+02       0.405715552647085E+02
      -0.751484358455321E+02       0.405723937699083E+02
      -0.751473680000000E+02       0.405731520000000E+02
      -0.751450816825691E+02       0.405740398211774E+02
      -0.751430986896002E+02       0.405748098556130E+02
      -0.751419060000000E+02       0.405752730000000E+02
      -0.751394544441707E+02       0.405754906837088E+02
      -0.751373912094404E+02       0.405756738867926E+02
      -0.751367480000000E+02       0.405757310000000E+02
      -0.751172920000000E+02       0.405732110000000E+02
      -0.751109030000000E+02       0.405706710000000E+02
      -0.751003250000000E+02       0.405678110000000E+02
      -0.750957000000000E+02       0.405644010000000E+02
      -0.750841888108598E+02       0.405536207650112E+02
      -0.750785030000000E+02       0.405482960000000E+02
      -0.750686150000000E+02       0.405422230000000E+02
      -0.750672570000000E+02       0.405395840000000E+02
      -0.750664020000000E+02       0.405365320000000E+02
      -0.750650900000000E+02       0.405261480000000E+02
      -0.750658530000000E+02       0.405194950000000E+02
      -0.750660010000000E+02       0.405107160000000E+02
      -0.750652750000000E+02       0.405046820000000E+02
      -0.750627618535099E+02       0.404934299971243E+02
      -0.750623730000000E+02       0.404916890000000E+02
      -0.750619456757139E+02       0.404864679989169E+02
      -0.750619370000000E+02       0.404863620000000E+02
      -0.750622270000000E+02       0.404813910000000E+02
      -0.750643270000000E+02       0.404767950000000E+02
      -0.750677760000000E+02       0.404728270000000E+02
      -0.750680500000000E+02       0.404685780000000E+02
      -0.750673735222243E+02       0.404653005194395E+02
      -0.750673020000000E+02       0.404649540000000E+02
      -0.750678744600419E+02       0.404634455520144E+02
      -0.750684520927093E+02       0.404619234740183E+02
      -0.750705680000000E+02       0.404563480000000E+02
      -0.750705680000000E+02       0.404551650000000E+02
      -0.750674250000000E+02       0.404483230000000E+02
      -0.750629230000000E+02       0.404334070000000E+02
      -0.750615720347997E+02       0.404234594117507E+02
      -0.750614890000000E+02       0.404228480000000E+02
      -0.750607271081008E+02       0.404214681707862E+02
      -0.750602722276752E+02       0.404206443566718E+02
      -0.750599128756365E+02       0.404199935498558E+02
      -0.750588480000000E+02       0.404180650000000E+02
      -0.750581791789406E+02       0.404175781197022E+02
      -0.750566826363355E+02       0.404164886846448E+02
      -0.750561020000000E+02       0.404160660000000E+02
      -0.750545880175500E+02       0.404157084554895E+02
      -0.750464730000000E+02       0.404137920000000E+02
      -0.750430710000000E+02       0.404116030000000E+02
      -0.750416510000000E+02       0.404098940000000E+02
      -0.750373558107024E+02       0.404072512003090E+02
      -0.750366160000000E+02       0.404067960000000E+02
      -0.750325247855891E+02       0.404053603045923E+02
      -0.750296959168092E+02       0.404043675935026E+02
      -0.750283150000000E+02       0.404038830000000E+02
      -0.750247750000000E+02       0.404034550000000E+02
      -0.750172210000000E+02       0.404046380000000E+02
      -0.750033510000000E+02       0.404078500000000E+02
      -0.749986510000000E+02       0.404100930000000E+02
      -0.749963780000000E+02       0.404105280000000E+02
      -0.749889010000000E+02       0.404087730000000E+02
      -0.749888660399897E+02       0.404087441075978E+02
      -0.749854670000000E+02       0.404059350000000E+02
      -0.749849897742121E+02       0.404056724559447E+02
      -0.749844178248267E+02       0.404053578000419E+02
      -0.749827350000000E+02       0.404044320000000E+02
      -0.749813297456321E+02       0.404039333475519E+02
      -0.749792068063629E+02       0.404031800256709E+02
      -0.749695970000000E+02       0.403997700000000E+02
      -0.749655080000000E+02       0.403973370000000E+02
      -0.749639970000000E+02       0.403952460000000E+02
      -0.749536970000000E+02       0.403760810000000E+02
      -0.749525587209804E+02       0.403734925878295E+02
      -0.749487220000000E+02       0.403647680000000E+02
      -0.749460060000000E+02       0.403573060000000E+02
      -0.749453367810899E+02       0.403500349875713E+02
      -0.749450880000000E+02       0.403473320000000E+02
      -0.749437760000000E+02       0.403425640000000E+02
      -0.749431157887669E+02       0.403418237188683E+02
      -0.749397110000000E+02       0.403380060000000E+02
      -0.749331110000000E+02       0.403331060000000E+02
      -0.749268100000000E+02       0.403294060000000E+02
      -0.749262917280538E+02       0.403290200528060E+02
      -0.749174100000000E+02       0.403224060000000E+02
      -0.749083100000000E+02       0.403169070000000E+02
      -0.749033100000000E+02       0.403156070000000E+02
      -0.749008035781665E+02       0.403154254015481E+02
      -0.748964090000000E+02       0.403151070000000E+02
      -0.748916090000000E+02       0.403130070000000E+02
      -0.748871090000000E+02       0.403103070000000E+02
      -0.748806090000000E+02       0.403056070000000E+02
      -0.748682090000000E+02       0.402952070000000E+02
      -0.748646920000000E+02       0.402906840000000E+02
      -0.748604920000000E+02       0.402845840000000E+02
      -0.748565080000000E+02       0.402774070000000E+02
      -0.748531080000000E+02       0.402697070000000E+02
      -0.748529820373259E+02       0.402694957896638E+02
      -0.748529727296188E+02       0.402694801827870E+02
      -0.748466080000000E+02       0.402588080000000E+02
      -0.748423080000000E+02       0.402505080000000E+02
      -0.748422900845155E+02       0.402504951627090E+02
      -0.748422899192337E+02       0.402504950442767E+02
      -0.748363070000000E+02       0.402462080000000E+02
      -0.748261027274905E+02       0.402423402515488E+02
      -0.748239070000000E+02       0.402415080000000E+02
      -0.748195070000000E+02       0.402385080000000E+02
      -0.747953060000000E+02       0.402294080000000E+02
      -0.747812573567055E+02       0.402215367743244E+02
      -0.747812494869376E+02       0.402215323650218E+02
      -0.747812060000000E+02       0.402215080000000E+02
      -0.747805087202672E+02       0.402210753692984E+02
      -0.747778123527906E+02       0.402194023945965E+02
      -0.747713600000000E+02       0.402153990000000E+02
      -0.747704060000000E+02       0.402145080000000E+02
      -0.747680982699460E+02       0.402100263500036E+02
      -0.747679359345140E+02       0.402097110919054E+02
      -0.747669050000000E+02       0.402077090000000E+02
      -0.747606150187329E+02       0.401989229944206E+02
      -0.747606149723788E+02       0.401989229296720E+02
      -0.747606050000000E+02       0.401989090000000E+02
      -0.747600695540271E+02       0.401975342062857E+02
      -0.747569050000000E+02       0.401894090000000E+02
      -0.747567606393164E+02       0.401891091739648E+02
      -0.747567586292431E+02       0.401891049991971E+02
      -0.747556050000000E+02       0.401867090000000E+02
      -0.747543050000000E+02       0.401852090000000E+02
      -0.747517050000000E+02       0.401833090000000E+02
      -0.747441050000000E+02       0.401810090000000E+02
      -0.747372050000000E+02       0.401776090000000E+02
      -0.747338040000000E+02       0.401745090000000E+02
      -0.747223040000000E+02       0.401606090000000E+02
      -0.747215040000000E+02       0.401584090000000E+02
      -0.747216040000000E+02       0.401538100000000E+02
      -0.747226040000000E+02       0.401500100000000E+02
      -0.747243040000000E+02       0.401470100000000E+02
      -0.747256630000000E+02       0.401454950000000E+02
      -0.747406050000000E+02       0.401352100000000E+02
      -0.747429050000000E+02       0.401344100000000E+02
      -0.747459050000000E+02       0.401342100000000E+02
      -0.747545457632834E+02       0.401346696150683E+02
      -0.747553050000000E+02       0.401347100000000E+02
      -0.747571696697392E+02       0.401343586476365E+02
      -0.747587819107815E+02       0.401340548594166E+02
      -0.747588820000000E+02       0.401340360000000E+02
      -0.747628640000000E+02       0.401325410000000E+02
      -0.747630896034382E+02       0.401324253373678E+02
      -0.747694880000000E+02       0.401291450000000E+02
      -0.747821060000000E+02       0.401208100000000E+02
      -0.747851060000000E+02       0.401203100000000E+02
      -0.747887060000000E+02       0.401204100000000E+02
      -0.748006070000000E+02       0.401228100000000E+02
      -0.748048067006628E+02       0.401242213748129E+02
      -0.748128070000000E+02       0.401269100000000E+02
      -0.748163070000000E+02       0.401276100000000E+02
      -0.748163070000000E+02       0.401276100000000E+02
      -0.748190070000000E+02       0.401275100000000E+02
      -0.748223070000000E+02       0.401267100000000E+02
      -0.748259070000000E+02       0.401239100000000E+02
      -0.748284080000000E+02       0.401203100000000E+02
      -0.748295850992366E+02       0.401180093060375E+02
      -0.748301102800475E+02       0.401169828162709E+02
      -0.748304996256158E+02       0.401162218226601E+02
      -0.748328080000000E+02       0.401117100000000E+02
      -0.748341509193900E+02       0.401071557516340E+02
      -0.748351080000000E+02       0.401039100000000E+02
      -0.748380080000000E+02       0.401009100000000E+02
      -0.748434080000000E+02       0.400977100000000E+02
      -0.748464410501010E+02       0.400966070726905E+02
      -0.748470325000170E+02       0.400963919999938E+02
      -0.748476239545380E+02       0.400961769256225E+02
      -0.748483470000000E+02       0.400959140000000E+02
      -0.748511080000000E+02       0.400949100000000E+02
      -0.748522819583611E+02       0.400942698530597E+02
      -0.748522838238724E+02       0.400942688358163E+02
      -0.748522857769790E+02       0.400942677708082E+02
      -0.748544090000000E+02       0.400931100000000E+02
      -0.748562872105691E+02       0.400915001052264E+02
      -0.748565090000000E+02       0.400913100000000E+02
      -0.748582090000000E+02       0.400888100000000E+02
      -0.748598090000000E+02       0.400849100000000E+02
      -0.748609090000000E+02       0.400837100000000E+02
      -0.748638090000000E+02       0.400822100000000E+02
      -0.748802090000000E+02       0.400788100000000E+02
      -0.748878100000000E+02       0.400758100000000E+02
      -0.749090110000000E+02       0.400702100000000E+02
      -0.749119110000000E+02       0.400699100000000E+02
      -0.749208110000000E+02       0.400711100000000E+02
      -0.749246638804381E+02       0.400707675217388E+02
      -0.749248532155463E+02       0.400707506919514E+02
      -0.749253110000000E+02       0.400707100000000E+02
      -0.749322110000000E+02       0.400684110000000E+02
      -0.749335487152617E+02       0.400678408730136E+02
      -0.749444120000000E+02       0.400632110000000E+02
      -0.749469717050549E+02       0.400619860990628E+02
      -0.749666292713139E+02       0.400525793233539E+02
      -0.749747130000000E+02       0.400487110000000E+02
      -0.749815170238450E+02       0.400442735931446E+02
      -0.749839130000000E+02       0.400427110000000E+02
      -0.749862218028590E+02       0.400406334236896E+02
      -0.749873315090704E+02       0.400396348545276E+02
      -0.749899140000000E+02       0.400373110000000E+02
      -0.750022406162189E+02       0.400275866694273E+02
      -0.750079140000000E+02       0.400231110000000E+02
      -0.750111150000000E+02       0.400213110000000E+02
      -0.750123078250361E+02       0.400208230261216E+02
      -0.750127481632653E+02       0.400206428877551E+02
      -0.750155150000000E+02       0.400195110000000E+02
      -0.750290659861899E+02       0.400158108252490E+02
      -0.750379707072095E+02       0.400133793399372E+02
      -0.750382585757661E+02       0.400133007357714E+02
      -0.750393160000000E+02       0.400130120000000E+02
      -0.750409421748822E+02       0.400121461146731E+02
      -0.750423380268704E+02       0.400114028688093E+02
      -0.750425266930685E+02       0.400113024101843E+02
      -0.750470160000000E+02       0.400089120000000E+02
      -0.750512170000000E+02       0.400045120000000E+02
      -0.750522691298168E+02       0.400028933387433E+02
      -0.750590170000000E+02       0.399925120000000E+02
      -0.750663910319928E+02       0.399857619245604E+02
      -0.750675112528736E+02       0.399847364916004E+02
      -0.750693851654346E+02       0.399830211408714E+02
      -0.750720170000000E+02       0.399806120000000E+02
      -0.750886180000000E+02       0.399752120000000E+02
      -0.750937180000000E+02       0.399744120000000E+02
      -0.751081190000000E+02       0.399703120000000E+02
      -0.751083107679553E+02       0.399702273533032E+02
      -0.751083119203785E+02       0.399702268446217E+02
      -0.751125688636019E+02       0.399683478227503E+02
      -0.751192200000000E+02       0.399654120000000E+02
      -0.751254364085765E+02       0.399619404991066E+02
      -0.751269200000000E+02       0.399611120000000E+02
      -0.751288322853368E+02       0.399596777859974E+02
      -0.751293306713685E+02       0.399593039964737E+02
      -0.751301200000000E+02       0.399587120000000E+02
      -0.751335200000000E+02       0.399544120000000E+02
      -0.751353269874211E+02       0.399484160871937E+02
      -0.751354196950472E+02       0.399481084664343E+02
      -0.751357200000000E+02       0.399471120000000E+02
      -0.751357657755577E+02       0.399456014065958E+02
      -0.751358309031545E+02       0.399434521959031E+02
      -0.751359179546023E+02       0.399405794981242E+02
      -0.751361200000000E+02       0.399339120000000E+02
      -0.751358936614079E+02       0.399325539684474E+02
      -0.751353460000000E+02       0.399292680000000E+02
      -0.751350200000000E+02       0.399273120000000E+02
      -0.751344106239955E+02       0.399257331621702E+02
      -0.751328660411580E+02       0.399217312884548E+02
      -0.751328200000000E+02       0.399216120000000E+02
      -0.751314695705885E+02       0.399193117685690E+02
      -0.751301200000000E+02       0.399170130000000E+02
      -0.751294630310354E+02       0.399154601642655E+02
      -0.751288938106642E+02       0.399141147342972E+02
      -0.751279200000000E+02       0.399118130000000E+02
      -0.751296157180998E+02       0.399050301276006E+02
      -0.751308200000000E+02       0.399002130000000E+02
      -0.751334200000000E+02       0.398962130000000E+02
      -0.751358892620777E+02       0.398933084129361E+02
      -0.751402210000000E+02       0.398882130000000E+02
      -0.751424210000000E+02       0.398864130000000E+02
      -0.751454210000000E+02       0.398842130000000E+02
      -0.751507210000000E+02       0.398827130000000E+02
      -0.751745391327629E+02       0.398821968495160E+02
      -0.751830230000000E+02       0.398820130000000E+02
      -0.751849516837070E+02       0.398816150176478E+02
      -0.751849519965616E+02       0.398816149530905E+02
      -0.751893230000000E+02       0.398807130000000E+02
      -0.751953240000000E+02       0.398770130000000E+02
      -0.752104250000000E+02       0.398659130000000E+02
      -0.752210250000000E+02       0.398611130000000E+02
      -0.752350260000000E+02       0.398566130000000E+02
      -0.752434310000000E+02       0.398545970000000E+02
      -0.752711590000000E+02       0.398494400000000E+02
      -0.752716760033384E+02       0.398494246879328E+02
      -0.752872732142462E+02       0.398489627459615E+02
      -0.752890463530814E+02       0.398489102309795E+02
      -0.752933760000000E+02       0.398487820000000E+02
      -0.752993703179339E+02       0.398492958091885E+02
      -0.753015662754221E+02       0.398494840379657E+02
      -0.753096740000000E+02       0.398501790000000E+02
      -0.753165362806695E+02       0.398499932456848E+02
      -0.753173448015439E+02       0.398499713599228E+02
      -0.753185419307763E+02       0.398499389549642E+02
      -0.753232320000000E+02       0.398498120000000E+02
      -0.753304330000000E+02       0.398490120000000E+02
      -0.753414650482534E+02       0.398461595554728E+02
      -0.753417650000000E+02       0.398460820000000E+02
      -0.753430396269024E+02       0.398454600708466E+02
      -0.753503212872441E+02       0.398419071277515E+02
      -0.753544000000000E+02       0.398399170000000E+02
      -0.753558642105386E+02       0.398388836125221E+02
      -0.753558686608123E+02       0.398388804716779E+02
      -0.753678493400118E+02       0.398304249364012E+02
      -0.753717186545129E+02       0.398276941124875E+02
      -0.753718350000000E+02       0.398276120000000E+02
      -0.753748849757719E+02       0.398256059734776E+02
      -0.753750595280868E+02       0.398254911671319E+02
      -0.753787914977391E+02       0.398230365803865E+02
      -0.753824791182415E+02       0.398206111629126E+02
      -0.753905360000000E+02       0.398153120000000E+02
      -0.753984588099338E+02       0.398106306942290E+02
      -0.753998351163671E+02       0.398098174838525E+02
      -0.754037370000000E+02       0.398075120000000E+02
      -0.754051647804145E+02       0.398067887630349E+02
      -0.754150410000000E+02       0.398017860000000E+02
      -0.754150410000000E+02       0.398017860000000E+02
      -0.754280380000000E+02       0.398092120000000E+02
      -0.754368886358572E+02       0.398130343507126E+02
      -0.754505437890659E+02       0.398189316427761E+02
      -0.754537400000000E+02       0.398203120000000E+02
      -0.754542306385802E+02       0.398204908600178E+02
      -0.754596021931278E+02       0.398224490353033E+02
      -0.754633410000000E+02       0.398238120000000E+02
      -0.754732032333760E+02       0.398267319394946E+02
      -0.754812420000000E+02       0.398291120000000E+02
      -0.754927488115995E+02       0.398318577876665E+02
      -0.754988430000000E+02       0.398333120000000E+02
      -0.755184440000000E+02       0.398363110000000E+02
      -0.755393460000000E+02       0.398382110000000E+02
      -0.755407055384393E+02       0.398382457770614E+02
      -0.755533323329758E+02       0.398385687710987E+02
      -0.755704640000000E+02       0.398390070000000E+02
      -0.755798490000000E+02       0.398385260000000E+02
      -0.755936660000000E+02       0.398374550000000E+02
      -0.755957560000000E+02       0.398371560000000E+02
      -0.756172510000000E+02       0.398339990000000E+02
      -0.756347060000000E+02       0.398301640000000E+02
      -0.756347060000000E+02       0.398301640000000E+02
      -0.756415180000000E+02       0.398283630000000E+02
      -0.756628220000000E+02       0.398211500000000E+02
      -0.756802739631976E+02       0.398135452254977E+02
      -0.756802739631976E+02       0.398135452254977E+02
      -0.756829415164753E+02       0.398123828266936E+02
      -0.756859910000000E+02       0.398110540000000E+02
      -0.756873806653158E+02       0.398102825015057E+02
      -0.757012080000000E+02       0.398026060000000E+02
      -0.757169690000000E+02       0.397919980000000E+02
      -0.757189450249518E+02       0.397904548186091E+02
      -0.757194182419049E+02       0.397900852587028E+02
      -0.757206887311336E+02       0.397890930671147E+02
      -0.757270490000000E+02       0.397841260000000E+02
      -0.757304072743424E+02       0.397811494447645E+02
      -0.757340484319322E+02       0.397779221602779E+02
      -0.757364890000000E+02       0.397757590000000E+02
      -0.757406937173903E+02       0.397715548145157E+02
      -0.757410832849478E+02       0.397711652962395E+02
      -0.757443940000000E+02       0.397678550000000E+02
      -0.757467754932419E+02       0.397650472985580E+02
      -0.757509022114580E+02       0.397601820348308E+02
      -0.757530660000000E+02       0.397576310000000E+02
      -0.757544693388540E+02       0.397556262302086E+02
      -0.757544747988565E+02       0.397556184302049E+02
      -0.757603460000000E+02       0.397472310000000E+02
      -0.757660580000000E+02       0.397378110000000E+02
      -0.757672219016926E+02       0.397354211218579E+02
      -0.757725020433214E+02       0.397245792310468E+02
      -0.757735580000000E+02       0.397224110000000E+02
      -0.757883590000000E+02       0.397218110000000E+02
      -0.757883590000000E+02       0.397218110000000E+02
      -0.757995630000000E+02       0.397218820000000E+02
      -0.758100680000000E+02       0.397219060000000E+02
      -0.758115441373263E+02       0.397219034168908E+02
      -0.758418381002599E+02       0.397218504051464E+02
      -0.759620367464331E+02       0.397216400681918E+02
      -0.759810298475271E+02       0.397216068319519E+02
      -0.759986490000000E+02       0.397215760000000E+02
      -0.760130670000000E+02       0.397219200000000E+02
      -0.760276180000000E+02       0.397218330000000E+02
      -0.761354608584824E+02       0.397215561289208E+02
      -0.761537063246168E+02       0.397215092863021E+02
      -0.761540732185485E+02       0.397215083443545E+02
      -0.762332770000000E+02       0.397213050000000E+02
      -0.762332770000000E+02       0.397213050000000E+02
      -0.762400117185067E+02       0.397213049541250E+02
      -0.762640113701245E+02       0.397213047906464E+02
      -0.763323805125967E+02       0.397213043249355E+02
      -0.763370808535409E+02       0.397213042929182E+02
      -0.763431810439330E+02       0.397213042513655E+02
      -0.763431810439330E+02       0.397213042513655E+02
      -0.763800830000000E+02       0.397213040000000E+02
      -0.763805830000000E+02       0.397213040000000E+02
      -0.763955830000000E+02       0.397212040000000E+02
      -0.764045809151549E+02       0.397212429503275E+02
      -0.764045809151549E+02       0.397212429503275E+02
      -0.764186840000000E+02       0.397213040000000E+02
      -0.764187840000000E+02       0.397212040000000E+02
      -0.764391843785017E+02       0.397212319063493E+02
      -0.764610853263787E+02       0.397212618653768E+02
      -0.764918870000000E+02       0.397213040000000E+02
      -0.765170870000000E+02       0.397213040000000E+02
      -0.765260960543130E+02       0.397212866026828E+02
      -0.765508069006162E+02       0.397212388837528E+02
      -0.765693890000000E+02       0.397212030000000E+02
      -0.765693890000000E+02       0.397212030000000E+02
      -0.766089728243289E+02       0.397211752228523E+02
      -0.766325715874119E+02       0.397211586628979E+02
      -0.766544175938880E+02       0.397211433329049E+02
      -0.766575343894721E+02       0.397211411457567E+02
      -0.766851012220566E+02       0.397211218012897E+02
      -0.767020990654014E+02       0.397211098733971E+02
      -0.767118940000000E+02       0.397211030000000E+02
      -0.767155940000000E+02       0.397211030000000E+02
      -0.767577893108521E+02       0.397209253740463E+02
      -0.767870970000000E+02       0.397208020000000E+02
      -0.767870970000000E+02       0.397208020000000E+02
      -0.768005114134193E+02       0.397206629905345E+02
      -0.768063970000000E+02       0.397206020000000E+02
      -0.768091970000000E+02       0.397207020000000E+02
      -0.768811160439288E+02       0.397204344248517E+02
      -0.768901000000000E+02       0.397204010000000E+02
      -0.768975660000000E+02       0.397204010000000E+02
      -0.769366010000000E+02       0.397207010000000E+02
      -0.769745777124617E+02       0.397200708755492E+02
      -0.769909030000000E+02       0.397198000000000E+02
      -0.769996026547938E+02       0.397198309590747E+02
      -0.770434900094782E+02       0.397199871390526E+02
      -0.770471040000000E+02       0.397200000000000E+02
      -0.770582040000000E+02       0.397202000000000E+02
      -0.770589040000000E+02       0.397201000000000E+02
      -0.771538150670892E+02       0.397200386902709E+02
      -0.771664287969592E+02       0.397200305421762E+02
      -0.772168060000000E+02       0.397199980000000E+02
      -0.772168060000000E+02       0.397199980000000E+02
      -0.772172821197740E+02       0.397199980000000E+02
      -0.772172821197740E+02       0.397199980000000E+02
      -0.772398070000000E+02       0.397199980000000E+02
      -0.772433070000000E+02       0.397199980000000E+02
      -0.772433070000000E+02       0.397199980000000E+02
      -0.773201070725931E+02       0.397200048013419E+02
      -0.773504846286435E+02       0.397200074915496E+02
      -0.773615500632401E+02       0.397200084714940E+02
      -0.773615500632443E+02       0.397200084714940E+02
      -0.773615500632485E+02       0.397200084714940E+02
      -0.773631107097903E+02       0.397200086097034E+02
      -0.773720532592981E+02       0.397200094016471E+02
      -0.773798038835259E+02       0.397200100880351E+02
      -0.773820251773024E+02       0.397200102847508E+02
      -0.773922156715772E+02       0.397200111872113E+02
      -0.774594256036353E+02       0.397200171392594E+02
      -0.774691450000000E+02       0.397200180000000E+02
      -0.774691450000000E+02       0.397200180000000E+02
      -0.774966224910205E+02       0.397200808902809E+02
      -0.775333710000000E+02       0.397201650000000E+02
      -0.775347580000000E+02       0.397201340000000E+02
      -0.775433992755192E+02       0.397201744752415E+02
      -0.776053068894602E+02       0.397204644469733E+02
      -0.776695450063314E+02       0.397207653346479E+02
      -0.776722490000000E+02       0.397207780000000E+02
      -0.776745220000000E+02       0.397208470000000E+02
      -0.777241150000000E+02       0.397208940000000E+02
      -0.777241150000000E+02       0.397208940000000E+02
      -0.777326150000000E+02       0.397210940000000E+02
      -0.777432040000000E+02       0.397212050000000E+02
      -0.777545368418519E+02       0.397212734534072E+02
      -0.777545368418519E+02       0.397212734534072E+02
      -0.777685340000000E+02       0.397213580000000E+02
      -0.777823133568158E+02       0.397214697297756E+02
      -0.777900916521010E+02       0.397215328000043E+02
      -0.778378330076699E+02       0.397219199103038E+02
      -0.778475163080071E+02       0.397219984272467E+02
      -0.778656684693764E+02       0.397221456138639E+02
      -0.778747190000000E+02       0.397222190000000E+02
      -0.779027477997005E+02       0.397222323794398E+02
      -0.779373661352661E+02       0.397222489043692E+02
      -0.779386065056255E+02       0.397222494964552E+02
      -0.779955708237118E+02       0.397222766881535E+02
      -0.780737360000000E+02       0.397223140000000E+02
      -0.780757710000000E+02       0.397223010000000E+02
      -0.780989744975369E+02       0.397223219905464E+02
      -0.781306870194887E+02       0.397223506785992E+02
      -0.781759223351118E+02       0.397223915997572E+02
      -0.782028950000000E+02       0.397224160000000E+02
      -0.782044500000000E+02       0.397225200000000E+02
      -0.782403340000000E+02       0.397224980000000E+02
      -0.782431030000000E+02       0.397224810000000E+02
      -0.782689480000000E+02       0.397225900000000E+02
      -0.782690200000000E+02       0.397226130000000E+02
      -0.782815273654891E+02       0.397226284074038E+02
      -0.783307150000000E+02       0.397226890000000E+02
      -0.783371110000000E+02       0.397224610000000E+02
      -0.783395390000000E+02       0.397225520000000E+02
      -0.783404980000000E+02       0.397225140000000E+02
      -0.783425200000000E+02       0.397225390000000E+02
      -0.783425200000000E+02       0.397225390000000E+02
      -0.783805334726768E+02       0.397225161095898E+02
      -0.784388390000000E+02       0.397224810000000E+02
      -0.784519753273087E+02       0.397227066960986E+02
      -0.784614220000000E+02       0.397228690000000E+02
      -0.784772249172963E+02       0.397227904826212E+02
      -0.784928464960554E+02       0.397227128662296E+02
      -0.785377020000000E+02       0.397224900000000E+02
      -0.785415571438456E+02       0.397226576918992E+02
      -0.785464150000000E+02       0.397228690000000E+02
      -0.785758930000000E+02       0.397225610000000E+02
      -0.785905529177620E+02       0.397226088614996E+02
      -0.785998110239053E+02       0.397226390872384E+02
      -0.786550244300873E+02       0.397228193472141E+02
      -0.786840164605823E+02       0.397229140000000E+02
      -0.787235290000000E+02       0.397230430000000E+02
      -0.787362590747645E+02       0.397230265699045E+02
      -0.787725799652659E+02       0.397229796922773E+02
      -0.787866442913761E+02       0.397229615401278E+02
      -0.788083725256175E+02       0.397229334965404E+02
      -0.788513987822496E+02       0.397228779646196E+02
      -0.789152296436809E+02       0.397227955811955E+02
      -0.789311760000000E+02       0.397227750000000E+02
      -0.789311760000000E+02       0.397227750000000E+02
      -0.790455480000000E+02       0.397228830000000E+02
      -0.790566763144120E+02       0.397228364076659E+02
      -0.790874236737650E+02       0.397227076737727E+02
      -0.792064412916174E+02       0.397222093675237E+02
      -0.792541729906157E+02       0.397220095231283E+02
      -0.793925800609760E+02       0.397214300365841E+02
      -0.794766620000000E+02       0.397210780000000E+02
      -0.794766620000000E+02       0.397210780000000E+02
      -0.795237190202442E+02       0.397208813911386E+02
      -0.795484650000000E+02       0.397207780000000E+02
      -0.795919687865053E+02       0.397210517277641E+02
      -0.795985572545044E+02       0.397210931826984E+02
      -0.796082230000000E+02       0.397211540000000E+02
      -0.796106230000000E+02       0.397212450000000E+02
      -0.797109103067319E+02       0.397209378864529E+02
      -0.797204119323155E+02       0.397209087892717E+02
      -0.797383851636576E+02       0.397208537491773E+02
      -0.797637740000000E+02       0.397207760000000E+02
      -0.797637740000000E+02       0.397207760000000E+02
      -0.798529040000000E+02       0.397207130000000E+02
      -0.798531310000000E+02       0.397207130000000E+02
      -0.798557003558300E+02       0.397207203454315E+02
      -0.798573771654754E+02       0.397207251391974E+02
      -0.799161807311363E+02       0.397208932504252E+02
      -0.799901197520002E+02       0.397211046318174E+02
      -0.800419207323213E+02       0.397212527236262E+02
      -0.800623300112916E+02       0.397213110709204E+02
      -0.800759470000000E+02       0.397213500000000E+02
      -0.801743728393997E+02       0.397213216612897E+02
      -0.802442996562995E+02       0.397213015280014E+02
      -0.802875863200188E+02       0.397212890649304E+02
      -0.803086510000000E+02       0.397212830000000E+02
      -0.803094570000000E+02       0.397212640000000E+02
      -0.803989659813557E+02       0.397212040240005E+02
      -0.804213880000000E+02       0.397211890000000E+02
      -0.804213880000000E+02       0.397211890000000E+02
      -0.804523823421897E+02       0.397212567133065E+02
      -0.804548207405964E+02       0.397212620404730E+02
      -0.804619899012214E+02       0.397212777029306E+02
      -0.805193420000000E+02       0.397214030000000E+02
      -0.805193420000000E+02       0.397214030000000E+02
      -0.805194091518343E+02       0.397916869284897E+02
      -0.805194230000000E+02       0.398061810000000E+02
      -0.805191226034488E+02       0.398540541593924E+02
      -0.805190598235448E+02       0.398640591755639E+02
      -0.805188910000000E+02       0.398909640000000E+02
      -0.805192480000000E+02       0.399369670000000E+02
      -0.805191150000000E+02       0.399391880000000E+02
      -0.805191750000000E+02       0.399566480000000E+02
      -0.805192030000000E+02       0.399593940000000E+02
      -0.805192180000000E+02       0.399624240000000E+02
      -0.805192070000000E+02       0.399633810000000E+02
      -0.805191200000000E+02       0.400164100000000E+02
      -0.805191200000000E+02       0.400164100000000E+02
      -0.805191192768461E+02       0.400168012198275E+02
      -0.805190699389445E+02       0.400434925840561E+02
      -0.805190247892530E+02       0.400679181640306E+02
      -0.805190136908116E+02       0.400739223217189E+02
      -0.805190080000000E+02       0.400770010000000E+02
      -0.805189600000000E+02       0.400780890000000E+02
      -0.805190048609454E+02       0.401035049062803E+02
      -0.805190766206858E+02       0.401441602875576E+02
      -0.805191040000000E+02       0.401596720000000E+02
      -0.805191040000000E+02       0.401596720000000E+02
      -0.805190560000000E+02       0.401727440000000E+02
      -0.805190560000000E+02       0.401727710000000E+02
      -0.805190536968771E+02       0.401957114591718E+02
      -0.805190486851028E+02       0.402456316786436E+02
      -0.805190450679674E+02       0.402816604755753E+02
      -0.805190415799992E+02       0.403164026902282E+02
      -0.805190390000000E+02       0.403421010000000E+02
      -0.805189804729622E+02       0.403435455790915E+02
      -0.805188020502028E+02       0.403479494545845E+02
      -0.805180247365348E+02       0.403671353063494E+02
      -0.805179910000000E+02       0.403679680000000E+02
      -0.805179910000000E+02       0.403988680000000E+02
      -0.805179910000000E+02       0.403988680000000E+02
      -0.805176900000000E+02       0.404624670000000E+02
      -0.805178310029750E+02       0.404636817948612E+02
      -0.805178311367961E+02       0.404636829477815E+02
      -0.805189900000000E+02       0.404736670000000E+02
      -0.805189946342295E+02       0.404768714973158E+02
      -0.805189953450177E+02       0.404773629962098E+02
      -0.805190540000000E+02       0.405179220000000E+02
      -0.805190570000000E+02       0.405179220000000E+02
      -0.805190558547790E+02       0.405592936804577E+02
      -0.805190550000000E+02       0.405901730000000E+02
      -0.805190860000000E+02       0.405901610000000E+02
      -0.805190860000000E+02       0.406163850000000E+02
      -0.805190390000000E+02       0.406163910000000E+02
      -0.805189939010894E+02       0.406374465538817E+02
      -0.805189910000000E+02       0.406388010000000E+02
      -0.805189910000000E+02       0.406388010000000E+02
      -0.805190127325661E+02       0.406885903088414E+02
      -0.805190337173475E+02       0.407366664431527E+02
      -0.805190482916602E+02       0.407700561935266E+02
      -0.805190503368570E+02       0.407747417395266E+02
      -0.805190531563307E+02       0.407812011536124E+02
      -0.805190566103626E+02       0.407891143406662E+02
      -0.805190580000000E+02       0.407922980000000E+02
      -0.805189920000000E+02       0.408012210000000E+02
      -0.805190810000000E+02       0.408491570000000E+02
      -0.805190200000000E+02       0.408500730000000E+02
      -0.805190200000000E+02       0.408500730000000E+02
      -0.805190191717528E+02       0.408513369971959E+02
      -0.805190020000000E+02       0.408775430000000E+02
      -0.805197640000000E+02       0.408998580000000E+02
      -0.805197640000000E+02       0.408998580000000E+02
      -0.805197900000000E+02       0.409007610000000E+02
      -0.805198131265752E+02       0.409021119583513E+02
      -0.805198131265752E+02       0.409021119583513E+02
      -0.805198910000000E+02       0.409066610000000E+02
      -0.805195315919088E+02       0.409131303456421E+02
      -0.805190910000000E+02       0.409210610000000E+02
      -0.805190904508059E+02       0.409214615024556E+02
      -0.805190762831823E+02       0.409317933114197E+02
      -0.805190625681569E+02       0.409417950609342E+02
      -0.805190595502309E+02       0.409439958982689E+02
      -0.805190503312384E+02       0.409507188937265E+02
      -0.805190466014840E+02       0.409534388354269E+02
      -0.805190284093369E+02       0.409667055478787E+02
      -0.805189917315845E+02       0.409934529786235E+02
      -0.805189917315845E+02       0.409934529786235E+02
      -0.805189890000000E+02       0.409954450000000E+02
      -0.805189270000000E+02       0.410153870000000E+02
      -0.805189374679213E+02       0.410300290842157E+02
      -0.805189531867204E+02       0.410520158735442E+02
      -0.805189531867204E+02       0.410520158735442E+02
      -0.805189600000000E+02       0.410615460000000E+02
      -0.805189568981439E+02       0.410624579457120E+02
      -0.805189280000000E+02       0.410709540000000E+02
      -0.805189600000000E+02       0.410718660000000E+02
      -0.805189990000000E+02       0.410750140000000E+02
      -0.805190880000000E+02       0.410820740000000E+02
      -0.805190920000000E+02       0.410906580000000E+02
      -0.805191250000000E+02       0.411008190000000E+02
      -0.805191920000000E+02       0.411053580000000E+02
      -0.805189920000000E+02       0.411159580000000E+02
      -0.805190560000000E+02       0.411250570000000E+02
      -0.805190120000000E+02       0.411250570000000E+02
      -0.805190120000000E+02       0.411250570000000E+02
      -0.805190120000000E+02       0.411251160000000E+02
      -0.805191670000000E+02       0.411333430000000E+02
      -0.805191670000000E+02       0.411333430000000E+02
      -0.805191150000000E+02       0.411455200000000E+02
      -0.805191324199448E+02       0.411609474635078E+02
      -0.805191324199448E+02       0.411609474635078E+02
      -0.805191440000000E+02       0.411712030000000E+02
      -0.805190111545738E+02       0.411872840657630E+02
      -0.805190111545738E+02       0.411872840657630E+02
      -0.805188300000000E+02       0.412092130000000E+02
      -0.805188300000000E+02       0.412092130000000E+02
      -0.805188899099470E+02       0.412188585014715E+02
      -0.805188899099470E+02       0.412188585014715E+02
      -0.805188930000000E+02       0.412193560000000E+02
      -0.805188930000000E+02       0.412203560000000E+02
      -0.805188930000000E+02       0.412276560000000E+02
      -0.805188930000000E+02       0.412325560000000E+02
      -0.805188930000000E+02       0.412325560000000E+02
      -0.805187666400563E+02       0.412428537036093E+02
      -0.805186930000000E+02       0.412488550000000E+02
      -0.805188930000000E+02       0.412651550000000E+02
      -0.805189930000000E+02       0.412681550000000E+02
      -0.805189930000000E+02       0.412681550000000E+02
      -0.805189960000000E+02       0.412683000000000E+02
      -0.805187940000000E+02       0.413055090000000E+02
      -0.805191290000000E+02       0.413124080000000E+02
      -0.805191290000000E+02       0.413124080000000E+02
      -0.805192650000000E+02       0.413334950000000E+02
      -0.805192810000000E+02       0.413359580000000E+02
      -0.805192810000000E+02       0.413371450000000E+02
      -0.805192810000000E+02       0.413371740000000E+02
      -0.805193110000000E+02       0.413390520000000E+02
      -0.805192930000000E+02       0.413390540000000E+02
      -0.805192930000000E+02       0.413396540000000E+02
      -0.805193450000000E+02       0.413401450000000E+02
      -0.805193450000000E+02       0.413407400000000E+02
      -0.805192527048841E+02       0.413602469573169E+02
      -0.805192527048841E+02       0.413602469573169E+02
      -0.805192490000000E+02       0.413610300000000E+02
      -0.805192170000000E+02       0.413720060000000E+02
      -0.805192490000000E+02       0.413789180000000E+02
      -0.805190250000000E+02       0.414164380000000E+02
      -0.805189930000000E+02       0.414164370000000E+02
      -0.805189930000000E+02       0.414293895434761E+02
      -0.805189930000000E+02       0.414293895434761E+02
      -0.805189930000000E+02       0.414354540000000E+02
      -0.805190270937370E+02       0.414407088909217E+02
      -0.805190270937370E+02       0.414407088909217E+02
      -0.805191690000000E+02       0.414625810000000E+02
      -0.805192086376330E+02       0.414890129308895E+02
      -0.805192095889305E+02       0.414896472934378E+02
      -0.805192250000000E+02       0.414999240000000E+02
      -0.805192250000000E+02       0.414999240000000E+02
      -0.805191570000000E+02       0.415287690000000E+02
      -0.805193390000000E+02       0.415392970000000E+02
      -0.805193407543186E+02       0.415520128862519E+02
      -0.805193444043304E+02       0.415784693883562E+02
      -0.805193557307359E+02       0.416605669509797E+02
      -0.805193570000000E+02       0.416697670000000E+02
      -0.805194240000000E+02       0.416712280000000E+02
      -0.805193730000000E+02       0.417014730000000E+02
      -0.805193849516037E+02       0.417144100988256E+02
      -0.805194080000000E+02       0.417393590000000E+02
      -0.805193690000000E+02       0.417524870000000E+02
      -0.805193158531904E+02       0.417576590022137E+02
      -0.805192390000000E+02       0.417651380000000E+02
      -0.805192935696585E+02       0.418495819724338E+02
      -0.805192935696585E+02       0.418495819724338E+02
      -0.805193014748459E+02       0.418618148770575E+02
      -0.805193022012280E+02       0.418629389192143E+02
      -0.805193045797714E+02       0.418666196028150E+02
      -0.805193155321498E+02       0.418835678917878E+02
      -0.805193306359141E+02       0.419069402546416E+02
      -0.805193306359141E+02       0.419069402546416E+02
      -0.805193450000000E+02       0.419291680000000E+02
      -0.805193228390737E+02       0.419371805261305E+02
      -0.805193040000000E+02       0.419439920000000E+02
      -0.805193233215970E+02       0.419501454503889E+02
      -0.805193233215970E+02       0.419501454503889E+02
      -0.805194050000000E+02       0.419761580000000E+02
      -0.805194250000000E+02       0.419775230000000E+02
      -0.805194250000000E+02       0.419775230000000E+02
      -0.805107037346208E+02       0.419804401279440E+02
      -0.804844266077965E+02       0.419892294191323E+02
      -0.804354510000000E+02       0.420056110000000E+02
      -0.804265555346260E+02       0.420076783511932E+02
      -0.804097760000000E+02       0.420115780000000E+02
      -0.803856813858003E+02       0.420197981293445E+02
      -0.803815486819096E+02       0.420212080444501E+02
      -0.803730660000000E+02       0.420241020000000E+02
      -0.803718690000000E+02       0.420239660000000E+02
      -0.803648112838693E+02       0.420272475349891E+02
      -0.803643456102383E+02       0.420274640532345E+02
      -0.803632510000000E+02       0.420279730000000E+02
      -0.803613353295715E+02       0.420282818035700E+02
      -0.803504416332917E+02       0.420300378531762E+02
      -0.803491690000000E+02       0.420302430000000E+02
      -0.803452520574411E+02       0.420314521848414E+02
      -0.803442101389598E+02       0.420317738316398E+02
      -0.803299760000000E+02       0.420361680000000E+02
      -0.803284844768022E+02       0.420367475827996E+02
      -0.803246897851915E+02       0.420382221411508E+02
      -0.802986838103877E+02       0.420483276599288E+02
      -0.802967580000000E+02       0.420490760000000E+02
      -0.802812172443577E+02       0.420558485821419E+02
      -0.802630792149028E+02       0.420637530429803E+02
      -0.802550737953921E+02       0.420672417640222E+02
      -0.802377293743550E+02       0.420748003743550E+02
      -0.802304860000000E+02       0.420779570000000E+02
      -0.802121150504816E+02       0.420850192503514E+02
      -0.802093439544894E+02       0.420860845286390E+02
      -0.802005125931707E+02       0.420894795237923E+02
      -0.801951562878884E+02       0.420915386208915E+02
      -0.801880850000000E+02       0.420942570000000E+02
      -0.801806344840194E+02       0.420981498870490E+02
      -0.801791837544197E+02       0.420989078917946E+02
      -0.801769963170954E+02       0.421000508255796E+02
      -0.801741533543086E+02       0.421015362707545E+02
      -0.801658840000000E+02       0.421058570000000E+02
      -0.801654287753862E+02       0.421062003473782E+02
      -0.801623928348869E+02       0.421084901669073E+02
      -0.801540840000000E+02       0.421147570000000E+02
      -0.801404826175603E+02       0.421415320340904E+02
      -0.801362130000000E+02       0.421499370000000E+02
      -0.801304300000000E+02       0.421563310000000E+02
      -0.801173680000000E+02       0.421663410000000E+02
      -0.801108703633663E+02       0.421678818694027E+02
      -0.801069788970566E+02       0.421688047036125E+02
      -0.801012750684319E+02       0.421701573269587E+02
      -0.800885120000000E+02       0.421731840000000E+02
      -0.800773880000000E+02       0.421712620000000E+02
      -0.800733810000000E+02       0.421686580000000E+02
      -0.800800280000000E+02       0.421636250000000E+02
      -0.800719810000000E+02       0.421553570000000E+02
      -0.800787810000000E+02       0.421514570000000E+02
      -0.800762810000000E+02       0.421478570000000E+02
      -0.800719800000000E+02       0.421460570000000E+02
      -0.800683826402642E+02       0.421456609603961E+02
      -0.800610800000000E+02       0.421448570000000E+02
      -0.800471663661591E+02       0.421510874994558E+02
      -0.800416217093594E+02       0.421535703864980E+02
      -0.800403450436612E+02       0.421541420750323E+02
      -0.800356810246336E+02       0.421562306141117E+02
      -0.800287509320416E+02       0.421593338967348E+02
      -0.800210245829337E+02       0.421627937415505E+02
      -0.800128633528304E+02       0.421664483252702E+02
      -0.800113816051860E+02       0.421671118491201E+02
      -0.800023791022134E+02       0.421711431532721E+02
      -0.799934194788949E+02       0.421751552559943E+02
      -0.799899878642307E+02       0.421766919266831E+02
      -0.799891860000000E+02       0.421770510000000E+02
      -0.799851537088306E+02       0.421791197600784E+02
      -0.799846064147520E+02       0.421794005483681E+02
      -0.799842029011565E+02       0.421796075703271E+02
      -0.799785621220978E+02       0.421825015623623E+02
      -0.799598342365507E+02       0.421921098719670E+02
      -0.799519115658562E+02       0.421961745845977E+02
      -0.799394135803396E+02       0.422025866546617E+02
      -0.799313240000000E+02       0.422067370000000E+02
      -0.799239240000000E+02       0.422075460000000E+02
      -0.799072740000000E+02       0.422142099306636E+02
      -0.799034754777841E+02       0.422157302362895E+02
      -0.799010500000000E+02       0.422167010000000E+02
      -0.798901296428460E+02       0.422227493334516E+02
      -0.798861870000000E+02       0.422249330000000E+02
      -0.798679790000000E+02       0.422309990000000E+02
      -0.798446610000000E+02       0.422354860000000E+02
      -0.798334470915484E+02       0.422404489564539E+02
      -0.798267977365737E+02       0.422433917715597E+02
      -0.797984470000000E+02       0.422559390000000E+02
      -0.797979987189195E+02       0.422561099919148E+02
      -0.797750138551751E+02       0.422648773167774E+02
      -0.797619510000000E+02       0.422698600000000E+02
      -0.797619510000000E+02       0.422698600000000E+02
      -0.797619527064737E+02       0.422674307690063E+02
      -0.797619640000000E+02       0.422513540000000E+02
      -0.797621520000000E+02       0.422430540000000E+02
      -0.797621431960120E+02       0.422414138915493E+02
      -0.797618330000000E+02       0.421836270000000E+02
      -0.797619290000000E+02       0.421796930000000E+02
      -0.797619210000000E+02       0.421733190000000E+02
      -0.797617590000000E+02       0.421626750000000E+02
      -0.797618218797191E+02       0.421553001952996E+02
      -0.797618610000000E+02       0.421507120000000E+02
      -0.797621220000000E+02       0.421312460000000E+02
      -0.797617090000000E+02       0.421189900000000E+02
      -0.797617379222390E+02       0.420865100006871E+02
      -0.797617775602914E+02       0.420419960224396E+02
      -0.797617775983187E+02       0.420419533173795E+02
      -0.797617980000000E+02       0.420190420000000E+02
      -0.797613740000000E+02       0.419990670000000E+02
END
END
