         1      -0.664557403125382E+02       0.184575171355742E+02
      -0.664503881782254E+02       0.179832418313765E+02
      -0.664548880000000E+02       0.179867840000000E+02
      -0.664613420000000E+02       0.179902730000000E+02
      -0.664776012318916E+02       0.179902670489934E+02
      -0.664830512193045E+02       0.179902650542553E+02
      -0.664833282168189E+02       0.179902649528720E+02
      -0.664908736358399E+02       0.179902621911894E+02
      -0.664911378844409E+02       0.179902620944723E+02
      -0.664913960000000E+02       0.179902620000000E+02
      -0.664918198923855E+02       0.179901569935329E+02
      -0.665049845972065E+02       0.179868958376579E+02
      -0.665101430000000E+02       0.179856180000000E+02
      -0.665155150393833E+02       0.179838254337321E+02
      -0.665226366594988E+02       0.179814490594949E+02
      -0.665375204353814E+02       0.179764825742028E+02
      -0.665560980795074E+02       0.179702835023381E+02
      -0.665582153195557E+02       0.179695770121543E+02
      -0.665832330000000E+02       0.179612290000000E+02
      -0.665893055463495E+02       0.179689385347195E+02
      -0.665896580000000E+02       0.179693860000000E+02
      -0.665943920000000E+02       0.179706820000000E+02
      -0.665985017301391E+02       0.179700382980229E+02
      -0.665994986544008E+02       0.179698821510020E+02
      -0.666050350000000E+02       0.179690150000000E+02
      -0.666114646983589E+02       0.179731413488375E+02
      -0.666171775363006E+02       0.179768076424773E+02
      -0.666237880000000E+02       0.179810500000000E+02
      -0.666240092975729E+02       0.179810960177395E+02
      -0.666253991047342E+02       0.179813850212885E+02
      -0.666288996103987E+02       0.179821129341879E+02
      -0.666319440000000E+02       0.179827460000000E+02
      -0.666377739483657E+02       0.179816886386782E+02
      -0.666456510000000E+02       0.179802600000000E+02
      -0.666577970000000E+02       0.179746050000000E+02
      -0.666629964286894E+02       0.179696011215555E+02
      -0.666643910000000E+02       0.179682590000000E+02
      -0.666728190000000E+02       0.179664510000000E+02
      -0.666991128963091E+02       0.179775671764832E+02
      -0.667098560000000E+02       0.179821090000000E+02
      -0.667133940000000E+02       0.179877630000000E+02
      -0.667169570000000E+02       0.179903440000000E+02
      -0.667270233177054E+02       0.179912783613870E+02
      -0.667311183115265E+02       0.179916584610638E+02
      -0.667349170177518E+02       0.179913296864229E+02
      -0.667462480000000E+02       0.179903490000000E+02
      -0.667504270000000E+02       0.179954430000000E+02
      -0.667530228756882E+02       0.179984857846895E+02
      -0.667539234842921E+02       0.179995414431263E+02
      -0.667553410000000E+02       0.180012030000000E+02
      -0.667585414477686E+02       0.180029917529933E+02
      -0.667635549245289E+02       0.180057938207695E+02
      -0.667644910000000E+02       0.180063170000000E+02
      -0.667682194799686E+02       0.180060849316113E+02
      -0.667703070000000E+02       0.180059550000000E+02
      -0.667759699868002E+02       0.180033491655001E+02
      -0.667961930361978E+02       0.179940434895959E+02
      -0.667969646427722E+02       0.179936884333150E+02
      -0.667996560000000E+02       0.179924500000000E+02
      -0.668029481856395E+02       0.179884938978667E+02
      -0.668068660000000E+02       0.179837860000000E+02
      -0.668079240000000E+02       0.179796060000000E+02
      -0.668069030000000E+02       0.179760460000000E+02
      -0.668056830000000E+02       0.179750520000000E+02
      -0.667951061923828E+02       0.179774379758301E+02
      -0.667893020000000E+02       0.179807930000000E+02
      -0.667849530000000E+02       0.179783260000000E+02
      -0.667872450000000E+02       0.179729140000000E+02
      -0.668082700000000E+02       0.179656350000000E+02
      -0.668224000000000E+02       0.179544990000000E+02
      -0.668385840000000E+02       0.179499310000000E+02
      -0.668522879769285E+02       0.179550035396993E+02
      -0.668564740000000E+02       0.179565530000000E+02
      -0.668593931237716E+02       0.179543743556566E+02
      -0.668625450000000E+02       0.179520220000000E+02
      -0.668716970000000E+02       0.179527070000000E+02
      -0.668834400000000E+02       0.179525260000000E+02
      -0.668996390000000E+02       0.179482980000000E+02
      -0.669045850000000E+02       0.179505270000000E+02
      -0.669065320000000E+02       0.179553560000000E+02
      -0.669062760000000E+02       0.179633680000000E+02
      -0.669070605192682E+02       0.179637737339556E+02
      -0.669082000325274E+02       0.179643630620204E+02
      -0.669084551935867E+02       0.179644950250073E+02
      -0.669215576008757E+02       0.179712712658887E+02
      -0.669216698308912E+02       0.179713293084760E+02
      -0.669245290000000E+02       0.179728080000000E+02
      -0.669246928287526E+02       0.179727045041068E+02
      -0.669284156967532E+02       0.179703526486305E+02
      -0.669286510000000E+02       0.179702040000000E+02
      -0.669288323718336E+02       0.179694759407453E+02
      -0.669288749475112E+02       0.179693050342955E+02
      -0.669301831646357E+02       0.179640536147889E+02
      -0.669304140000000E+02       0.179631270000000E+02
      -0.669283188917944E+02       0.179625367563850E+02
      -0.669161270000000E+02       0.179591020000000E+02
      -0.669094830000000E+02       0.179525590000000E+02
      -0.669093590000000E+02       0.179498800000000E+02
      -0.669125220000000E+02       0.179474460000000E+02
      -0.669132227222684E+02       0.179472862096429E+02
      -0.669303130000000E+02       0.179433890000000E+02
      -0.669326360000000E+02       0.179399980000000E+02
      -0.669315810000000E+02       0.179369000000000E+02
      -0.669192980000000E+02       0.179320620000000E+02
      -0.669238260000000E+02       0.179269230000000E+02
      -0.669272610000000E+02       0.179268750000000E+02
      -0.669370659806208E+02       0.179308707310218E+02
      -0.669599980000000E+02       0.179402160000000E+02
      -0.669805160000000E+02       0.179516480000000E+02
      -0.669810606157286E+02       0.179525212064538E+02
      -0.669826690000000E+02       0.179551000000000E+02
      -0.669822060000000E+02       0.179611920000000E+02
      -0.669872870000000E+02       0.179706630000000E+02
      -0.669967380000000E+02       0.179728990000000E+02
      -0.670039720000000E+02       0.179707990000000E+02
      -0.670147440000000E+02       0.179684680000000E+02
      -0.670164296021347E+02       0.179688565607703E+02
      -0.670245220000000E+02       0.179707220000000E+02
      -0.670410898642461E+02       0.179720738462317E+02
      -0.670475233180650E+02       0.179725987805366E+02
      -0.670555871244907E+02       0.179732567426111E+02
      -0.670624780000000E+02       0.179738190000000E+02
      -0.670765340000000E+02       0.179677590000000E+02
      -0.670837238069635E+02       0.179589206162197E+02
      -0.670898270000000E+02       0.179514180000000E+02
      -0.671014680000000E+02       0.179466210000000E+02
      -0.671099850000000E+02       0.179458060000000E+02
      -0.671282510000000E+02       0.179481530000000E+02
      -0.671337330000000E+02       0.179519190000000E+02
      -0.671670310000000E+02       0.179630730000000E+02
      -0.671785660000000E+02       0.179647920000000E+02
      -0.671835080000000E+02       0.179627060000000E+02
      -0.671887165555783E+02       0.179509887896490E+02
      -0.671874741363469E+02       0.179462520642604E+02
      -0.671838318575239E+02       0.179382836003859E+02
      -0.671836940000000E+02       0.179379820000000E+02
      -0.671836671059719E+02       0.179372050235839E+02
      -0.671834589933146E+02       0.179311925874478E+02
      -0.671834570000000E+02       0.179311350000000E+02
      -0.671837323229377E+02       0.179311760991426E+02
      -0.671866344530006E+02       0.179316093178870E+02
      -0.671929142034200E+02       0.179325467347266E+02
      -0.671947850000000E+02       0.179328260000000E+02
      -0.671969240000000E+02       0.179356510000000E+02
      -0.671972730000000E+02       0.179374610000000E+02
      -0.671975173712891E+02       0.179415140121582E+02
      -0.671976683902854E+02       0.179435491289930E+02
      -0.671989884620354E+02       0.179478199482985E+02
      -0.672009733712891E+02       0.179498960121582E+02
      -0.672010900332677E+02       0.179499436392329E+02
      -0.672100340000000E+02       0.179535950000000E+02
      -0.672121010000000E+02       0.179560270000000E+02
      -0.672143300000000E+02       0.179624360000000E+02
      -0.672152710000000E+02       0.179834640000000E+02
      -0.672119730000000E+02       0.179929930000000E+02
      -0.672076940000000E+02       0.179980190000000E+02
      -0.671969436223831E+02       0.180019377058170E+02
      -0.671778930000000E+02       0.180088820000000E+02
      -0.671742990000000E+02       0.180111490000000E+02
      -0.671723970000000E+02       0.180149060000000E+02
      -0.671721380000000E+02       0.180214220000000E+02
      -0.671733180436188E+02       0.180236948381715E+02
      -0.671737610000000E+02       0.180245480000000E+02
      -0.671779412920501E+02       0.180261127166573E+02
      -0.671932690000000E+02       0.180318500000000E+02
      -0.672098870000000E+02       0.180354390000000E+02
      -0.672047099515659E+02       0.180476240760232E+02
      -0.672044104416563E+02       0.180483290242316E+02
      -0.671966940000000E+02       0.180664910000000E+02
      -0.671908201970924E+02       0.180643294249651E+02
      -0.671906560000000E+02       0.180642690000000E+02
      -0.671897821035757E+02       0.180647704065359E+02
      -0.671882457242340E+02       0.180656519190607E+02
      -0.671870974030953E+02       0.180663107794339E+02
      -0.671845890000000E+02       0.180677500000000E+02
      -0.671843069180021E+02       0.180686876734921E+02
      -0.671842644541809E+02       0.180688288281912E+02
      -0.671839380000000E+02       0.180699140000000E+02
      -0.671864650000000E+02       0.180741950000000E+02
      -0.671929990000000E+02       0.180768770000000E+02
      -0.671982120000000E+02       0.180768280000000E+02
      -0.671987229339984E+02       0.180834613327719E+02
      -0.671993140000000E+02       0.180911350000000E+02
      -0.671952900000000E+02       0.180961490000000E+02
      -0.671839210000000E+02       0.181036830000000E+02
      -0.671836650359685E+02       0.181043930462842E+02
      -0.671821820000000E+02       0.181085070000000E+02
      -0.671806055774394E+02       0.181204223232594E+02
      -0.671778052016416E+02       0.181415888453032E+02
      -0.671777943931961E+02       0.181416705404814E+02
      -0.671765540000000E+02       0.181510460000000E+02
      -0.671786180000000E+02       0.181593180000000E+02
      -0.671808220000000E+02       0.181680550000000E+02
      -0.671805520914524E+02       0.181683386898125E+02
      -0.671710363533324E+02       0.181783402921600E+02
      -0.671607863974162E+02       0.181891136007420E+02
      -0.671556028232275E+02       0.181945618431296E+02
      -0.671551850000000E+02       0.181950010000000E+02
      -0.671531824098267E+02       0.182017494110126E+02
      -0.671526650000000E+02       0.182034930000000E+02
      -0.671544966792673E+02       0.182080330655902E+02
      -0.671559431435812E+02       0.182116183236516E+02
      -0.671569762202829E+02       0.182141789444267E+02
      -0.671580010000000E+02       0.182167190000000E+02
      -0.671619731209577E+02       0.182204125243014E+02
      -0.671718115481170E+02       0.182295609037661E+02
      -0.671722567764403E+02       0.182299749046612E+02
      -0.671730000000000E+02       0.182306660000000E+02
      -0.671743485039003E+02       0.182402937293697E+02
      -0.671752266980649E+02       0.182465636524669E+02
      -0.671754290000000E+02       0.182480080000000E+02
      -0.671778169579782E+02       0.182515980160905E+02
      -0.671878370614380E+02       0.182666620720651E+02
      -0.671878430000000E+02       0.182666710000000E+02
      -0.671886557294716E+02       0.182721492854983E+02
      -0.671886671889951E+02       0.182722265295796E+02
      -0.671898333559764E+02       0.182800871964876E+02
      -0.671899710000000E+02       0.182810150000000E+02
      -0.671902945717125E+02       0.182815163367469E+02
      -0.671960085730117E+02       0.182903695173960E+02
      -0.671960560000000E+02       0.182904430000000E+02
      -0.671961616932595E+02       0.182904774356194E+02
      -0.671996195883977E+02       0.182916040425706E+02
      -0.671997870816594E+02       0.182916586130725E+02
      -0.672099630000000E+02       0.182949740000000E+02
      -0.672255994076637E+02       0.182966697712245E+02
      -0.672260810000000E+02       0.182967220000000E+02
      -0.672351370000000E+02       0.182999350000000E+02
      -0.672412023648826E+02       0.183099131224491E+02
      -0.672448377966286E+02       0.183158937656289E+02
      -0.672470686572892E+02       0.183195637510739E+02
      -0.672517116447483E+02       0.183272019226092E+02
      -0.672563266227374E+02       0.183347940158082E+02
      -0.672603701013394E+02       0.183414459362437E+02
      -0.672651224689638E+02       0.183492640489208E+02
      -0.672674840000000E+02       0.183531490000000E+02
      -0.672713500000000E+02       0.183623290000000E+02
      -0.672682590000000E+02       0.183669890000000E+02
      -0.672608619802728E+02       0.183701162587355E+02
      -0.672606710000000E+02       0.183701970000000E+02
      -0.672453491604684E+02       0.183738324764120E+02
      -0.672393415096082E+02       0.183752579366479E+02
      -0.672267440000000E+02       0.183782470000000E+02
      -0.672241004727055E+02       0.183792861291879E+02
      -0.672169980000000E+02       0.183820780000000E+02
      -0.672134310577991E+02       0.183839611607736E+02
      -0.672021670000000E+02       0.183899080000000E+02
      -0.671987432354005E+02       0.183920001977945E+02
      -0.671910284592966E+02       0.183967145515655E+02
      -0.671764818742638E+02       0.184056036945657E+02
      -0.671601574482277E+02       0.184155792425795E+02
      -0.671596080000000E+02       0.184159150000000E+02
      -0.671584527708228E+02       0.184170928807297E+02
      -0.671565990000000E+02       0.184189830000000E+02
      -0.671555291325600E+02       0.184232640500663E+02
      -0.671552450000000E+02       0.184244010000000E+02
      -0.671552588174680E+02       0.184245534647974E+02
      -0.671552635983483E+02       0.184246062180189E+02
      -0.671552881422248E+02       0.184248770402259E+02
      -0.671556256141729E+02       0.184286007754548E+02
      -0.671556666510635E+02       0.184290535849887E+02
      -0.671557341291160E+02       0.184297981517670E+02
      -0.671557682899029E+02       0.184301750889502E+02
      -0.671557692444557E+02       0.184301856216833E+02
      -0.671559626426074E+02       0.184323196168641E+02
      -0.671565255588503E+02       0.184385309510407E+02
      -0.671566190000000E+02       0.184395620000000E+02
      -0.671575761271051E+02       0.184421569028206E+02
      -0.671617460000000E+02       0.184534620000000E+02
      -0.671640367082141E+02       0.184575263123027E+02
      -0.671690110000000E+02       0.184663520000000E+02
      -0.671690133905277E+02       0.184721542888604E+02
      -0.671690160000000E+02       0.184784880000000E+02
      -0.671674698108708E+02       0.184813150633750E+02
      -0.671641440000000E+02       0.184873960000000E+02
      -0.671473943534441E+02       0.185016112743056E+02
      -0.671428300000000E+02       0.185054850000000E+02
      -0.671382490000000E+02       0.185077760000000E+02
      -0.671290626008894E+02       0.185106426466972E+02
      -0.671256550000000E+02       0.185117060000000E+02
      -0.671124001363145E+02       0.185133890847503E+02
      -0.671124001363145E+02       0.185133890847503E+02
      -0.671033941150209E+02       0.185145326572125E+02
      -0.670937520000000E+02       0.185157570000000E+02
      -0.670796988260799E+02       0.185133267007347E+02
      -0.670792900000000E+02       0.185132560000000E+02
      -0.670529760696644E+02       0.185120730458335E+02
      -0.670379403245872E+02       0.185113971073835E+02
      -0.670235835957273E+02       0.185107516944024E+02
      -0.670235678877287E+02       0.185107509882425E+02
      -0.670202760000000E+02       0.185106030000000E+02
      -0.670195769846111E+02       0.185103155416951E+02
      -0.669889580000000E+02       0.184977240000000E+02
      -0.669812179641493E+02       0.184956596747133E+02
      -0.669595400000000E+02       0.184898780000000E+02
      -0.669577330000000E+02       0.184891290000000E+02
      -0.669573315908197E+02       0.184892075838847E+02
      -0.669446360000000E+02       0.184916930000000E+02
      -0.669242409025247E+02       0.184872984732508E+02
      -0.669068720000000E+02       0.184835560000000E+02
      -0.669014302059059E+02       0.184845522703112E+02
      -0.668816687540879E+02       0.184881701484247E+02
      -0.668714822570313E+02       0.184900350673130E+02
      -0.668673860000000E+02       0.184907850000000E+02
      -0.668581477086886E+02       0.184907641378280E+02
      -0.668539469728592E+02       0.184907546516070E+02
      -0.668496730000000E+02       0.184907450000000E+02
      -0.668481482167374E+02       0.184903754499216E+02
      -0.668369400000000E+02       0.184876590000000E+02
      -0.668366672959634E+02       0.184876960854293E+02
      -0.668366347750968E+02       0.184877005079906E+02
      -0.668190004665744E+02       0.184900986239502E+02
      -0.668110392379097E+02       0.184911812833295E+02
      -0.667993200000000E+02       0.184927750000000E+02
      -0.667930876022115E+02       0.184923277912787E+02
      -0.667828350977439E+02       0.184915921178559E+02
      -0.667803110000000E+02       0.184914110000000E+02
      -0.667649925301936E+02       0.184841444830425E+02
      -0.667648349656073E+02       0.184840697402155E+02
      -0.667584442110067E+02       0.184810382019964E+02
      -0.667526352900488E+02       0.184782826641928E+02
      -0.667493010000000E+02       0.184767010000000E+02
      -0.667438722949677E+02       0.184751851050366E+02
      -0.667420670000000E+02       0.184746810000000E+02
      -0.667345744545002E+02       0.184735461310863E+02
      -0.667339860000000E+02       0.184734570000000E+02
      -0.667292039901040E+02       0.184732829441392E+02
      -0.667278890814433E+02       0.184732350840210E+02
      -0.667267383332483E+02       0.184731931990246E+02
      -0.667251476946131E+02       0.184731353028715E+02
      -0.667194037669327E+02       0.184729262350740E+02
      -0.667153795027049E+02       0.184727797596820E+02
      -0.667138444984224E+02       0.184727238885112E+02
      -0.667113251504390E+02       0.184726321891439E+02
      -0.667107430000000E+02       0.184726110000000E+02
      -0.667106121467012E+02       0.184726533975534E+02
      -0.667102312372388E+02       0.184727768153766E+02
      -0.666977703151224E+02       0.184768142574300E+02
      -0.666974298958528E+02       0.184769245560951E+02
      -0.666970227135598E+02       0.184770564865331E+02
      -0.666947954851596E+02       0.184777781269961E+02
      -0.666906855485895E+02       0.184791097805118E+02
      -0.666851558026609E+02       0.184809014640283E+02
      -0.666837190000000E+02       0.184813670000000E+02
      -0.666834846133178E+02       0.184815851631960E+02
      -0.666813112205236E+02       0.184836081207877E+02
      -0.666798760000000E+02       0.184849440000000E+02
      -0.666753387415646E+02       0.184857820122110E+02
      -0.666749518824334E+02       0.184858534634366E+02
      -0.666673353938924E+02       0.184872601962673E+02
      -0.666643640000000E+02       0.184878090000000E+02
      -0.666558093738580E+02       0.184882560109639E+02
      -0.666458390000000E+02       0.184887770000000E+02
      -0.666436958696506E+02       0.184893245732885E+02
      -0.666345169145049E+02       0.184916698112509E+02
      -0.666246180000000E+02       0.184941990000000E+02
      -0.666195079629987E+02       0.184929497229983E+02
      -0.665867780405271E+02       0.184849480706814E+02
      -0.665840740000000E+02       0.184842870000000E+02
      -0.665652410000000E+02       0.184855230000000E+02
      -0.665629160000000E+02       0.184884500000000E+02
      -0.665634850000000E+02       0.184905120000000E+02
      -0.665585030000000E+02       0.184899870000000E+02
      -0.665559837628727E+02       0.184890571509923E+02
      -0.665348400000000E+02       0.184812530000000E+02
      -0.665339505397839E+02       0.184815222922056E+02
      -0.665294760000000E+02       0.184828770000000E+02
      -0.665116090000000E+02       0.184768480000000E+02
      -0.665095403422680E+02       0.184764585714394E+02
      -0.664913285744175E+02       0.184730301731931E+02
      -0.664846146206374E+02       0.184717662592472E+02
      -0.664702920000000E+02       0.184690700000000E+02
      -0.664701349801266E+02       0.184690682940040E+02
      -0.664564860000000E+02       0.184689200000000E+02
      -0.664491840000000E+02       0.184709910000000E+02
      -0.664418520000000E+02       0.184797510000000E+02
      -0.664399610000000E+02       0.184855250000000E+02
      -0.664388275543921E+02       0.184857103755054E+02
      -0.664209210000000E+02       0.184886390000000E+02
      -0.664172631540141E+02       0.184890702502547E+02
      -0.664122638152027E+02       0.184896596589243E+02
      -0.664103440000000E+02       0.184898860000000E+02
      -0.663991329110154E+02       0.184897896476129E+02
      -0.663942870000000E+02       0.184897480000000E+02
      -0.663782911267323E+02       0.184881447432476E+02
      -0.663772860000000E+02       0.184880440000000E+02
      -0.663728200000000E+02       0.184877260000000E+02
      -0.663496624997450E+02       0.184863362332287E+02
      -0.663410127781475E+02       0.184858171316191E+02
      -0.663377280000000E+02       0.184856200000000E+02
      -0.663154770000000E+02       0.184747240000000E+02
      -0.663150307304710E+02       0.184746802599921E+02
      -0.662912250000000E+02       0.184723470000000E+02
      -0.662837428647739E+02       0.184722042943745E+02
      -0.662836750000000E+02       0.184722030000000E+02
      -0.662784343590704E+02       0.184765919256853E+02
      -0.662765990000000E+02       0.184781290000000E+02
      -0.662697990000000E+02       0.184802810000000E+02
      -0.662671783319503E+02       0.184795304267933E+02
      -0.662670704877327E+02       0.184794995396383E+02
      -0.662627277148271E+02       0.184782557464818E+02
      -0.662580150000000E+02       0.184769060000000E+02
      -0.662576096368900E+02       0.184766276105543E+02
      -0.662567126049829E+02       0.184760115598846E+02
      -0.662542458795104E+02       0.184743174976477E+02
      -0.662515470000000E+02       0.184724640000000E+02
      -0.662417970000000E+02       0.184687400000000E+02
      -0.662201480000000E+02       0.184660000000000E+02
      -0.661990428822197E+02       0.184661627959893E+02
      -0.661981112236170E+02       0.184661699824113E+02
      -0.661926640000000E+02       0.184662120000000E+02
      -0.661838860000000E+02       0.184605060000000E+02
      -0.661811789321847E+02       0.184574898346814E+02
      -0.661792180000000E+02       0.184553050000000E+02
      -0.661742822641671E+02       0.184525572044320E+02
      -0.661741895263279E+02       0.184525055759349E+02
      -0.661728980470935E+02       0.184517865907548E+02
      -0.661723150000000E+02       0.184514620000000E+02
      -0.661716983035099E+02       0.184514740196456E+02
      -0.661619410256540E+02       0.184516641926464E+02
      -0.661597960000000E+02       0.184517060000000E+02
      -0.661539578375033E+02       0.184540822072834E+02
      -0.661530370000000E+02       0.184544570000000E+02
      -0.661437642939048E+02       0.184598693321290E+02
      -0.661394506614993E+02       0.184623871312505E+02
      -0.661385320000000E+02       0.184533050000000E+02
      -0.661330850000000E+02       0.184458810000000E+02
      -0.661279378852411E+02       0.184446316640360E+02
      -0.661251975332718E+02       0.184512085045139E+02
      -0.661242840826154E+02       0.184563238225254E+02
      -0.661239005745825E+02       0.184574104323347E+02
      -0.661231879460760E+02       0.184594295533412E+02
      -0.661233296930757E+02       0.184602833022898E+02
      -0.661234436621480E+02       0.184609697434552E+02
      -0.661235038782327E+02       0.184613324278094E+02
      -0.661236762457921E+02       0.184623706058514E+02
      -0.661250150953549E+02       0.184704345607097E+02
      -0.661185382499003E+02       0.184696065987728E+02
      -0.661183380000000E+02       0.184695810000000E+02
      -0.661161837428031E+02       0.184693309288330E+02
      -0.661130092057874E+02       0.184689624212206E+02
      -0.661067473615295E+02       0.184682355318300E+02
      -0.660947589137734E+02       0.184668438850364E+02
      -0.660920980000000E+02       0.184665350000000E+02
      -0.660834062574375E+02       0.184620996953659E+02
      -0.660832540000000E+02       0.184620220000000E+02
      -0.660739870000000E+02       0.184581000000000E+02
      -0.660705049426166E+02       0.184575960641044E+02
      -0.660689405485536E+02       0.184573696593568E+02
      -0.660633861491847E+02       0.184565658066593E+02
      -0.660628784025091E+02       0.184564923237303E+02
      -0.660595570426817E+02       0.184560116445642E+02
      -0.660551968906361E+02       0.184553806276440E+02
      -0.660518550003952E+02       0.184548969772425E+02
      -0.660505451771644E+02       0.184547074149033E+02
      -0.660435358925902E+02       0.184536930059748E+02
      -0.660432722472317E+02       0.184536548502682E+02
      -0.660394396363904E+02       0.184544410268022E+02
      -0.660393202401689E+02       0.184542659123336E+02
      -0.660371712176491E+02       0.184511140124529E+02
      -0.660365851352174E+02       0.184502544248359E+02
      -0.660365534182228E+02       0.184502079065744E+02
      -0.660364914739119E+02       0.184501170549131E+02
      -0.660262608272124E+02       0.184453048485881E+02
      -0.660232210000000E+02       0.184438750000000E+02
      -0.660158237185631E+02       0.184440840979062E+02
      -0.660065230000000E+02       0.184443470000000E+02
      -0.659971800000000E+02       0.184498950000000E+02
      -0.659929350000000E+02       0.184574890000000E+02
      -0.659927930789202E+02       0.184581029418727E+02
      -0.659923490000000E+02       0.184600240000000E+02
      -0.659907900000000E+02       0.184604190000000E+02
      -0.659584920000000E+02       0.184513540000000E+02
      -0.659256700000000E+02       0.184448810000000E+02
      -0.659168430000000E+02       0.184446190000000E+02
      -0.659077560000000E+02       0.184468930000000E+02
      -0.659049880000000E+02       0.184509260000000E+02
      -0.659023123178215E+02       0.184496439510292E+02
      -0.658947185035114E+02       0.184460053866663E+02
      -0.658786830000000E+02       0.184383220000000E+02
      -0.658782371491677E+02       0.184382497721204E+02
      -0.658730632637456E+02       0.184374116021628E+02
      -0.658604136690748E+02       0.184353623665567E+02
      -0.658541134349835E+02       0.184343417280016E+02
      -0.658488526988124E+02       0.184334894882140E+02
      -0.658461888357457E+02       0.184330579421298E+02
      -0.658389048472603E+02       0.184318779352642E+02
      -0.658388508434761E+02       0.184318691866457E+02
      -0.658388250000000E+02       0.184318650000000E+02
      -0.658314760000000E+02       0.184268490000000E+02
      -0.658310606652677E+02       0.184263943088957E+02
      -0.658284532881271E+02       0.184235398613883E+02
      -0.658166910000000E+02       0.184106630000000E+02
      -0.658064762805952E+02       0.184070551989471E+02
      -0.658062886744490E+02       0.184069889371512E+02
      -0.658007386164360E+02       0.184050286772214E+02
      -0.657945560000000E+02       0.184028450000000E+02
      -0.657876660000000E+02       0.184025440000000E+02
      -0.657749370000000E+02       0.184139510000000E+02
      -0.657705300000000E+02       0.184129400000000E+02
      -0.657697490000000E+02       0.184094730000000E+02
      -0.657716950000000E+02       0.184062770000000E+02
      -0.657615768988030E+02       0.183962403580923E+02
      -0.657504550000000E+02       0.183852080000000E+02
      -0.657502438276979E+02       0.183850871883794E+02
      -0.657421615955334E+02       0.183804633454027E+02
      -0.657421540000000E+02       0.183804590000000E+02
      -0.657335670000000E+02       0.183822110000000E+02
      -0.657332878575659E+02       0.183820972732068E+02
      -0.657332688581919E+02       0.183820895325783E+02
      -0.657316693750821E+02       0.183814378792910E+02
      -0.657246644763200E+02       0.183785839790039E+02
      -0.657244950850262E+02       0.183785149664631E+02
      -0.657235436420502E+02       0.183781273343966E+02
      -0.657230556467164E+02       0.183779285178155E+02
      -0.657206698061132E+02       0.183769564907508E+02
      -0.657188787386802E+02       0.183762267831512E+02
      -0.657176961317724E+02       0.183757449714494E+02
      -0.657154356139999E+02       0.183748240027761E+02
      -0.657125954489752E+02       0.183736668771624E+02
      -0.657115004075375E+02       0.183732207409398E+02
      -0.657110434684835E+02       0.183730345771504E+02
      -0.656990690000000E+02       0.183681560000000E+02
      -0.656919201559134E+02       0.183666855009368E+02
      -0.656696368510840E+02       0.183621018817559E+02
      -0.656688450000000E+02       0.183619390000000E+02
      -0.656683809369446E+02       0.183620454753265E+02
      -0.656561876317752E+02       0.183648431256321E+02
      -0.656474365729610E+02       0.183668509817487E+02
      -0.656344310000000E+02       0.183698350000000E+02
      -0.656272460000000E+02       0.183764360000000E+02
      -0.656265270000000E+02       0.183817280000000E+02
      -0.656249750000000E+02       0.183865530000000E+02
      -0.656227610000000E+02       0.183877710000000E+02
      -0.656185659693461E+02       0.183865908005111E+02
      -0.656182290000000E+02       0.183864960000000E+02
      -0.656179228201895E+02       0.183861269882033E+02
      -0.656148910000000E+02       0.183824730000000E+02
      -0.656170371997741E+02       0.183749106901423E+02
      -0.656175774711238E+02       0.183730070000000E+02
      -0.656190680000000E+02       0.183677550000000E+02
      -0.656196499044937E+02       0.183668598995937E+02
      -0.656199567580379E+02       0.183663878896074E+02
      -0.656246050000000E+02       0.183592378446878E+02
      -0.656281980000000E+02       0.183537110000000E+02
      -0.656309930155112E+02       0.183468326123619E+02
      -0.656322763130332E+02       0.183436744839808E+02
      -0.656333120555024E+02       0.183411255756944E+02
      -0.656335553443579E+02       0.183405268544891E+02
      -0.656341900000000E+02       0.183389650000000E+02
      -0.656340655639874E+02       0.183387479915346E+02
      -0.656320946269757E+02       0.183353108031565E+02
      -0.656280470000000E+02       0.183282520000000E+02
      -0.656280400335031E+02       0.183281238357227E+02
      -0.656279486871721E+02       0.183264433158560E+02
      -0.656270379222686E+02       0.183096877604033E+02
      -0.656267305019596E+02       0.183040320769063E+02
      -0.656264563388626E+02       0.182989882341337E+02
      -0.656264560000000E+02       0.182989820000000E+02
      -0.656264873384852E+02       0.182989557970285E+02
      -0.656300923220043E+02       0.182959415709247E+02
      -0.656334793526002E+02       0.182931095812685E+02
      -0.656343890000000E+02       0.182923490000000E+02
      -0.656345401475503E+02       0.182919200649199E+02
      -0.656349113321034E+02       0.182908666963691E+02
      -0.656352162674442E+02       0.182900013335855E+02
      -0.656358260000000E+02       0.182882710000000E+02
      -0.656348936464024E+02       0.182839235022113E+02
      -0.656308330000000E+02       0.182649890000000E+02
      -0.656231110000000E+02       0.182480120000000E+02
      -0.655976180000000E+02       0.182342890000000E+02
      -0.655899470000000E+02       0.182282250000000E+02
      -0.655937950000000E+02       0.182240590000000E+02
      -0.656113987367240E+02       0.182267012267777E+02
      -0.656159810000000E+02       0.182273890000000E+02
      -0.656222463735111E+02       0.182321069719603E+02
      -0.656267310000000E+02       0.182354840000000E+02
      -0.656381810000000E+02       0.182291210000000E+02
      -0.656375650000000E+02       0.182244440000000E+02
      -0.656367699221277E+02       0.182227675681843E+02
      -0.656344470578174E+02       0.182178697792138E+02
      -0.656319430068245E+02       0.182125899558167E+02
      -0.656301907167683E+02       0.182088952299251E+02
      -0.656284140000000E+02       0.182051490000000E+02
      -0.656352810000000E+02       0.181999750000000E+02
      -0.656396880000000E+02       0.182056560000000E+02
      -0.656582533481430E+02       0.182067802978539E+02
      -0.656605395020029E+02       0.182069187449144E+02
      -0.656622178749665E+02       0.182070203854065E+02
      -0.656624191007491E+02       0.182070325714272E+02
      -0.656627783107130E+02       0.182070543248028E+02
      -0.656641270000000E+02       0.182071360000000E+02
      -0.656671782159559E+02       0.182057439156712E+02
      -0.656846264476359E+02       0.181977833483966E+02
      -0.656906103242324E+02       0.181950532693214E+02
      -0.656907490000000E+02       0.181949900000000E+02
      -0.656945150000000E+02       0.181870110000000E+02
      -0.656932905266159E+02       0.181842028416637E+02
      -0.656910210000000E+02       0.181789980000000E+02
      -0.656958560000000E+02       0.181793240000000E+02
      -0.657077416320577E+02       0.181853612593450E+02
      -0.657108950000000E+02       0.181869630000000E+02
      -0.657125330000000E+02       0.181891460000000E+02
      -0.657133930302908E+02       0.181893080620563E+02
      -0.657179990000000E+02       0.181901760000000E+02
      -0.657244234952872E+02       0.181873612956095E+02
      -0.657284710000000E+02       0.181855880000000E+02
      -0.657346640000000E+02       0.181803680000000E+02
      -0.657388340000000E+02       0.181740660000000E+02
      -0.657391287712071E+02       0.181734449407810E+02
      -0.657391749103972E+02       0.181733477292194E+02
      -0.657395829507452E+02       0.181724880210331E+02
      -0.657411973488066E+02       0.181690866141963E+02
      -0.657413477852920E+02       0.181687696566243E+02
      -0.657436320000000E+02       0.181639570000000E+02
      -0.657496060000000E+02       0.181610459809221E+02
      -0.657587280000000E+02       0.181566010000000E+02
      -0.657645935515825E+02       0.181507454737773E+02
      -0.657669190000000E+02       0.181484240000000E+02
      -0.657680537417451E+02       0.181463827416428E+02
      -0.657775840000000E+02       0.181292390000000E+02
      -0.657812152624026E+02       0.181206021504950E+02
      -0.657813510711436E+02       0.181202791334482E+02
      -0.657904517898719E+02       0.180986333449239E+02
      -0.657967110000000E+02       0.180837460000000E+02
      -0.657962890000000E+02       0.180798350000000E+02
      -0.657946860000000E+02       0.180786070000000E+02
      -0.657950280000000E+02       0.180735610000000E+02
      -0.657967004851372E+02       0.180698649627292E+02
      -0.657967110535688E+02       0.180698416074741E+02
      -0.657968591471314E+02       0.180695143344152E+02
      -0.658017444077843E+02       0.180587183607778E+02
      -0.658018310000000E+02       0.180585270000000E+02
      -0.658021075833269E+02       0.180584626283664E+02
      -0.658091740000000E+02       0.180568180000000E+02
      -0.658171070000000E+02       0.180633780000000E+02
      -0.658258480000000E+02       0.180574820000000E+02
      -0.658267493602217E+02       0.180563096470828E+02
      -0.658272032844031E+02       0.180557192512284E+02
      -0.658310900000000E+02       0.180506640000000E+02
      -0.658339324384270E+02       0.180402405354668E+02
      -0.658341033201192E+02       0.180396138977036E+02
      -0.658342740000000E+02       0.180389880000000E+02
      -0.658342560704221E+02       0.180387540700270E+02
      -0.658342399066933E+02       0.180385431793609E+02
      -0.658340122131251E+02       0.180355724262047E+02
      -0.658330635872583E+02       0.180231955579842E+02
      -0.658324290000000E+02       0.180149160000000E+02
      -0.658395910000000E+02       0.180150770000000E+02
      -0.658493684893880E+02       0.180123801124769E+02
      -0.658512006249752E+02       0.180118747615213E+02
      -0.658703350000000E+02       0.180065970000000E+02
      -0.658751220000000E+02       0.180028260000000E+02
      -0.658849370000000E+02       0.179885210000000E+02
      -0.658961020000000E+02       0.179902600000000E+02
      -0.658962276393076E+02       0.179901743139104E+02
      -0.659053190000000E+02       0.179839740000000E+02
      -0.659104926090737E+02       0.179818727458281E+02
      -0.659247380000000E+02       0.179760870000000E+02
      -0.659389844614866E+02       0.179737750706187E+02
      -0.659424399942376E+02       0.179732143034625E+02
      -0.659599202180766E+02       0.179703775960371E+02
      -0.659658334994466E+02       0.179694179830867E+02
      -0.659766110000000E+02       0.179676690000000E+02
      -0.659768619332044E+02       0.179677240605419E+02
      -0.659845500000000E+02       0.179694110000000E+02
      -0.659853580000000E+02       0.179718540000000E+02
      -0.659951850000000E+02       0.179789890000000E+02
      -0.660023440437209E+02       0.179798746078316E+02
      -0.660077310000000E+02       0.179805410000000E+02
      -0.660161113260447E+02       0.179797027048814E+02
      -0.660165735907175E+02       0.179796564639337E+02
      -0.660166464217679E+02       0.179796491785472E+02
      -0.660168547406366E+02       0.179796283401347E+02
      -0.660173080000000E+02       0.179795830000000E+02
      -0.660183134763770E+02       0.179790290263894E+02
      -0.660195200295733E+02       0.179783642682253E+02
      -0.660195396385076E+02       0.179783534645581E+02
      -0.660240000000000E+02       0.179758960000000E+02
      -0.660441971608986E+02       0.179570778084219E+02
      -0.660454005426567E+02       0.179559565880396E+02
      -0.660465850000000E+02       0.179548530000000E+02
      -0.660490330000000E+02       0.179545610000000E+02
      -0.660495013320892E+02       0.179547995005641E+02
      -0.660559437478312E+02       0.179580803344519E+02
      -0.660582170000000E+02       0.179592380000000E+02
      -0.660586961469960E+02       0.179595630651210E+02
      -0.660634487207538E+02       0.179627873281894E+02
      -0.660669295655256E+02       0.179651488189977E+02
      -0.660686780000000E+02       0.179663350000000E+02
      -0.660699683253553E+02       0.179663569918789E+02
      -0.660814100000000E+02       0.179665520000000E+02
      -0.660980364006758E+02       0.179582297178540E+02
      -0.661161940000000E+02       0.179491410000000E+02
      -0.661270090000000E+02       0.179469530000000E+02
      -0.661406610000000E+02       0.179410200000000E+02
      -0.661441496990881E+02       0.179376246408130E+02
      -0.661479120000000E+02       0.179339630000000E+02
      -0.661553870000000E+02       0.179294060000000E+02
      -0.661597420000000E+02       0.179286130000000E+02
      -0.661604381043685E+02       0.179300771550945E+02
      -0.661612320000000E+02       0.179317470000000E+02
      -0.661727108888224E+02       0.179331965302587E+02
      -0.661756260837891E+02       0.179335646550293E+02
      -0.661777615525122E+02       0.179339049588209E+02
      -0.661869138837891E+02       0.179353634550293E+02
      -0.661875665683865E+02       0.179350321692052E+02
      -0.661897260837891E+02       0.179339360550293E+02
      -0.661956953119271E+02       0.179314101651248E+02
      -0.662001740000000E+02       0.179295150000000E+02
      -0.662069610000000E+02       0.179322680000000E+02
      -0.662133740000000E+02       0.179446140000000E+02
      -0.662026550000000E+02       0.179447530000000E+02
      -0.661855536365234E+02       0.179409968448242E+02
      -0.661795476365234E+02       0.179437274448242E+02
      -0.661748457288255E+02       0.179482075885374E+02
      -0.661748390000000E+02       0.179482140000000E+02
      -0.661748522275152E+02       0.179482288951868E+02
      -0.661768140000000E+02       0.179504380000000E+02
      -0.661885865498224E+02       0.179554892100712E+02
      -0.661984781977718E+02       0.179597333876279E+02
      -0.662012445792475E+02       0.179609203500262E+02
      -0.662062068868873E+02       0.179630495113977E+02
      -0.662068070000000E+02       0.179633070000000E+02
      -0.662114932597911E+02       0.179611519125832E+02
      -0.662153550000000E+02       0.179593760000000E+02
      -0.662180810000000E+02       0.179572900000000E+02
      -0.662206478150983E+02       0.179547346456031E+02
      -0.662209511492212E+02       0.179544326658520E+02
      -0.662240368608910E+02       0.179513607317309E+02
      -0.662255391283502E+02       0.179498651718210E+02
      -0.662263642101162E+02       0.179490437740040E+02
      -0.662265064353048E+02       0.179489021838437E+02
      -0.662315190000000E+02       0.179439120000000E+02
      -0.662291810000000E+02       0.179346510000000E+02
      -0.662320130000000E+02       0.179311540000000E+02
      -0.662527370000000E+02       0.179345740000000E+02
      -0.662606840000000E+02       0.179360830000000E+02
      -0.662705254481948E+02       0.179466889633956E+02
      -0.662709050000000E+02       0.179470980000000E+02
      -0.662750126848528E+02       0.179481037163504E+02
      -0.662754012200561E+02       0.179481988444385E+02
      -0.662754839165189E+02       0.179482190916551E+02
      -0.662756510000000E+02       0.179482600000000E+02
      -0.662907820000000E+02       0.179464910000000E+02
      -0.662966776032815E+02       0.179573102911024E+02
      -0.662976790000000E+02       0.179591480000000E+02
      -0.663050722860112E+02       0.179658752725964E+02
      -0.663137010196926E+02       0.179737266993570E+02
      -0.663155077835136E+02       0.179753707034877E+02
      -0.663169500000000E+02       0.179766830000000E+02
      -0.663204938867839E+02       0.179776618079014E+02
      -0.663236590000000E+02       0.179785360000000E+02
      -0.663273764998545E+02       0.179780115980790E+02
      -0.663381437383340E+02       0.179764927384252E+02
      -0.663383900000000E+02       0.179764580000000E+02
      -0.663533325421980E+02       0.179713615158301E+02
      -0.663625110000000E+02       0.179682310000000E+02
      -0.663648896595446E+02       0.179651057337487E+02
      -0.663650529828485E+02       0.179648911470035E+02
      -0.663650980000000E+02       0.179648320000000E+02
      -0.663652717422980E+02       0.179644959911795E+02
      -0.663684019349046E+02       0.179584423569323E+02
      -0.663687770000000E+02       0.179577170000000E+02
      -0.663688541141136E+02       0.179575457814564E+02
      -0.663689263077256E+02       0.179573854880349E+02
      -0.663715910000000E+02       0.179514690000000E+02
      -0.663796926441905E+02       0.179439707081352E+02
      -0.663850590000000E+02       0.179390040000000E+02
      -0.663912270000000E+02       0.179458190000000E+02
      -0.663989450000000E+02       0.179509250000000E+02
      -0.664001462131651E+02       0.179515044719357E+02
      -0.664079909658457E+02       0.179552888244156E+02
      -0.664121310000000E+02       0.179572860000000E+02
      -0.664171063680609E+02       0.179605819762090E+02
      -0.664262775368068E+02       0.179666574973815E+02
      -0.664377452046775E+02       0.179742543545409E+02
      -0.664378994548920E+02       0.179743565389484E+02
      -0.664425860873602E+02       0.179774612397316E+02
      -0.664454810000000E+02       0.179793790000000E+02
      -0.664503881782254E+02       0.179832418313765E+02
END
         2      -0.674814589402250E+02       0.183859806481482E+02
      -0.674779760000000E+02       0.183789450000000E+02
      -0.674854990000000E+02       0.183822240000000E+02
      -0.674893460000000E+02       0.183874410000000E+02
      -0.674822040000000E+02       0.183914700000000E+02
      -0.674779220000000E+02       0.183905440000000E+02
      -0.674723680000000E+02       0.183828010000000E+02
      -0.674779760000000E+02       0.183789450000000E+02
END
         3      -0.655881828052927E+02       0.183869681049383E+02
      -0.655873350000000E+02       0.183819940000000E+02
      -0.655916500000000E+02       0.183862870000000E+02
      -0.655925850000000E+02       0.183908490000000E+02
      -0.655893320000000E+02       0.183905160000000E+02
      -0.655845370000000E+02       0.183869390000000E+02
      -0.655835710000000E+02       0.183837510000000E+02
      -0.655873350000000E+02       0.183819940000000E+02
END
         4      -0.655689231531481E+02       0.183779691937772E+02
      -0.655688383971044E+02       0.183819154410998E+02
      -0.655686096057980E+02       0.183815742610365E+02
      -0.655665019842013E+02       0.183784313161353E+02
      -0.655664450956963E+02       0.183783464823885E+02
      -0.655663546934127E+02       0.183782116719479E+02
      -0.655671696857898E+02       0.183779354034045E+02
      -0.655715610837266E+02       0.183764467942522E+02
      -0.655717874040112E+02       0.183763700755280E+02
      -0.655722323603102E+02       0.183815760696587E+02
      -0.655722478026701E+02       0.183817567454577E+02
      -0.655706166031082E+02       0.183819405429300E+02
      -0.655689789687125E+02       0.183821250654554E+02
      -0.655688383971044E+02       0.183819154410998E+02
END
         5      -0.655678460899460E+02       0.183486510185185E+02
      -0.655715230000000E+02       0.183516350000000E+02
      -0.655690130000000E+02       0.183527940000000E+02
      -0.655657440000000E+02       0.183495240000000E+02
      -0.655650720000000E+02       0.183474990000000E+02
      -0.655679510000000E+02       0.183433410000000E+02
      -0.655715230000000E+02       0.183516350000000E+02
END
         6      -0.653041527655500E+02       0.183109999506173E+02
      -0.652594115124719E+02       0.183221556815212E+02
      -0.652531740000000E+02       0.183185240000000E+02
      -0.652450950000000E+02       0.183096680000000E+02
      -0.652444240000000E+02       0.183034930000000E+02
      -0.652498570000000E+02       0.182966910000000E+02
      -0.652602820000000E+02       0.182908230000000E+02
      -0.652639370000000E+02       0.182906850000000E+02
      -0.652760370000000E+02       0.182960670000000E+02
      -0.652770990000000E+02       0.182989780000000E+02
      -0.652760070000000E+02       0.183026130000000E+02
      -0.652805020000000E+02       0.183062020000000E+02
      -0.652866215036628E+02       0.183073923509439E+02
      -0.652964221469323E+02       0.183092987481961E+02
      -0.653025360000000E+02       0.183104880000000E+02
      -0.653025083354987E+02       0.183101121012310E+02
      -0.653022161835613E+02       0.183061424090816E+02
      -0.653021600000000E+02       0.183053790000000E+02
      -0.653024263057799E+02       0.183031448608030E+02
      -0.653028286209890E+02       0.183030129160093E+02
      -0.653033815456681E+02       0.183028315767732E+02
      -0.653070270000000E+02       0.183016360000000E+02
      -0.653118687018498E+02       0.183057937285576E+02
      -0.653163710000000E+02       0.183096600000000E+02
      -0.653168850000000E+02       0.183140470000000E+02
      -0.653227850000000E+02       0.183211570000000E+02
      -0.653273180000000E+02       0.183236660000000E+02
      -0.653420683746379E+02       0.183452899645646E+02
      -0.653357011355794E+02       0.183495347945207E+02
      -0.653293338847695E+02       0.183419547326338E+02
      -0.653217538287583E+02       0.183383163170297E+02
      -0.653098330000000E+02       0.183379730000000E+02
      -0.653044090000000E+02       0.183320540000000E+02
      -0.652983280000000E+02       0.183305290000000E+02
      -0.652852047442068E+02       0.183296166460042E+02
      -0.652816570000000E+02       0.183293700000000E+02
      -0.652773190000000E+02       0.183325820000000E+02
      -0.652594115124719E+02       0.183221556815212E+02
END
         7      -0.652574708699375E+02       0.183382724814815E+02
      -0.652661690000000E+02       0.183417510000000E+02
      -0.652559330000000E+02       0.183421170000000E+02
      -0.652457560000000E+02       0.183347070000000E+02
      -0.652472100000000E+02       0.183333450000000E+02
      -0.652596120000000E+02       0.183341470000000E+02
      -0.652655580000000E+02       0.183393920000000E+02
      -0.652661690000000E+02       0.183417510000000E+02
END
         8      -0.652263651831029E+02       0.183175131296296E+02
      -0.652284850000000E+02       0.183230130000000E+02
      -0.652215680000000E+02       0.183209590000000E+02
      -0.652211100000000E+02       0.183119840000000E+02
      -0.652228530000000E+02       0.183104640000000E+02
      -0.652300250000000E+02       0.183112740000000E+02
      -0.652319330000000E+02       0.183203390000000E+02
      -0.652284850000000E+02       0.183230130000000E+02
END
         9      -0.653323439942254E+02       0.183071646358025E+02
      -0.653277000000000E+02       0.182958430000000E+02
      -0.653313980000000E+02       0.182961100000000E+02
      -0.653374510000000E+02       0.183083080000000E+02
      -0.653301880000000E+02       0.183159980000000E+02
      -0.653278210000000E+02       0.183089700000000E+02
      -0.653277000000000E+02       0.182958430000000E+02
END
        10      -0.652905241802347E+02       0.182915372407407E+02
      -0.652807640000000E+02       0.182882740000000E+02
      -0.652832690000000E+02       0.182802140000000E+02
      -0.652872570000000E+02       0.182777440000000E+02
      -0.653002380000000E+02       0.182944040000000E+02
      -0.653016900000000E+02       0.183001260000000E+02
      -0.652997010000000E+02       0.183021810000000E+02
      -0.652965150000000E+02       0.183022990000000E+02
      -0.652889410000000E+02       0.182999770000000E+02
      -0.652807640000000E+02       0.182882740000000E+02
END
        11      -0.655915155224862E+02       0.182521567592593E+02
      -0.655829670000000E+02       0.182467490000000E+02
      -0.655919537450033E+02       0.182486529139540E+02
      -0.655949395310508E+02       0.182486529139540E+02
      -0.655958600000000E+02       0.182477920000000E+02
      -0.655981530000000E+02       0.182475950000000E+02
      -0.655996270000000E+02       0.182556990000000E+02
      -0.655848920000000E+02       0.182563760000000E+02
      -0.655829670000000E+02       0.182467490000000E+02
END
        12      -0.654412770728578E+02       0.181276711111111E+02
      -0.654261430420555E+02       0.181589029462511E+02
      -0.654223465487558E+02       0.181593352738091E+02
      -0.653995170000000E+02       0.181619350000000E+02
      -0.653713730000000E+02       0.181575170000000E+02
      -0.653342890000000E+02       0.181477610000000E+02
      -0.653134760000000E+02       0.181442960000000E+02
      -0.653087170000000E+02       0.181451720000000E+02
      -0.653022950000000E+02       0.181410890000000E+02
      -0.652948960000000E+02       0.181428300000000E+02
      -0.652879620000000E+02       0.181480970000000E+02
      -0.652751650000000E+02       0.181344300000000E+02
      -0.652762140000000E+02       0.181319360000000E+02
      -0.652832480000000E+02       0.181329990000000E+02
      -0.652960360000000E+02       0.181279900000000E+02
      -0.653227940000000E+02       0.181265890000000E+02
      -0.653271840000000E+02       0.181241060000000E+02
      -0.653385060000000E+02       0.181124390000000E+02
      -0.653420370000000E+02       0.181113800000000E+02
      -0.653504930000000E+02       0.181119140000000E+02
      -0.653647330000000E+02       0.181203770000000E+02
      -0.653819576981011E+02       0.181154318715940E+02
      -0.653978370000000E+02       0.181108730000000E+02
      -0.653997910000000E+02       0.181088320000000E+02
      -0.654117670000000E+02       0.181062110000000E+02
      -0.654237650000000E+02       0.180977640000000E+02
      -0.654263110000000E+02       0.180937490000000E+02
      -0.654381896632388E+02       0.180901227121638E+02
      -0.654409683695111E+02       0.180892744358423E+02
      -0.654502547667702E+02       0.180864395083134E+02
      -0.654505618139808E+02       0.180863457737287E+02
      -0.654513800000000E+02       0.180860960000000E+02
      -0.654568100000000E+02       0.180877780000000E+02
      -0.654658490000000E+02       0.180877150000000E+02
      -0.654686060762075E+02       0.180923696322544E+02
      -0.654687680000000E+02       0.180926430000000E+02
      -0.654714601382845E+02       0.180935489282251E+02
      -0.654746086183990E+02       0.180946084194921E+02
      -0.654797900000000E+02       0.180963520000000E+02
      -0.654898204499235E+02       0.180946339546009E+02
      -0.654979014970447E+02       0.180932498087319E+02
      -0.654981672182830E+02       0.180932042952051E+02
      -0.655072650000000E+02       0.180916460000000E+02
      -0.655242090000000E+02       0.180819770000000E+02
      -0.655420870000000E+02       0.180811770000000E+02
      -0.655558453327537E+02       0.180849017784126E+02
      -0.655586460000000E+02       0.180856600000000E+02
      -0.655693050000000E+02       0.180916160000000E+02
      -0.655706280000000E+02       0.180973250000000E+02
      -0.655768600000000E+02       0.181032240000000E+02
      -0.655755790000000E+02       0.181156690000000E+02
      -0.655461990000000E+02       0.181193290000000E+02
      -0.655381687810876E+02       0.181224750389286E+02
      -0.655117118084799E+02       0.181328402190894E+02
      -0.655028981202440E+02       0.181340774331929E+02
      -0.654977988031764E+02       0.181347932455549E+02
      -0.654950038490785E+02       0.181351855848952E+02
      -0.654898290000000E+02       0.181359120000000E+02
      -0.654852483045379E+02       0.181375535604204E+02
      -0.654745551048759E+02       0.181413856277294E+02
      -0.654679100000000E+02       0.181437670000000E+02
      -0.654570734586269E+02       0.181486468155483E+02
      -0.654549343389147E+02       0.181496100850336E+02
      -0.654524631218862E+02       0.181507229016477E+02
      -0.654510977548449E+02       0.181513377416680E+02
      -0.654503699334493E+02       0.181516654877670E+02
      -0.654414284301857E+02       0.181556919465004E+02
      -0.654413653355142E+02       0.181557203587353E+02
      -0.654379368887560E+02       0.181572642265822E+02
      -0.654370580000000E+02       0.181576600000000E+02
      -0.654368972874848E+02       0.181576783012174E+02
      -0.654261430420555E+02       0.181589029462511E+02
END
        13      -0.679517368558861E+02       0.181561606049383E+02
      -0.679500990000000E+02       0.181542350000000E+02
      -0.679541190000000E+02       0.181545760000000E+02
      -0.679529740000000E+02       0.181576630000000E+02
      -0.679498730000000E+02       0.181570150000000E+02
      -0.679500990000000E+02       0.181542350000000E+02
END
        14      -0.678908865085631E+02       0.180915517654321E+02
      -0.678917400000000E+02       0.181139700000000E+02
      -0.678870990000000E+02       0.181125740000000E+02
      -0.678764300000000E+02       0.181141570000000E+02
      -0.678698040000000E+02       0.181188510000000E+02
      -0.678615480000000E+02       0.181221440000000E+02
      -0.678482450000000E+02       0.181083200000000E+02
      -0.678432020000000E+02       0.180948580000000E+02
      -0.678436150000000E+02       0.180850990000000E+02
      -0.678452930000000E+02       0.180819380000000E+02
      -0.678530980000000E+02       0.180781950000000E+02
      -0.678655980000000E+02       0.180654400000000E+02
      -0.678714620000000E+02       0.180578000000000E+02
      -0.678959210000000E+02       0.180523420000000E+02
      -0.679044310000000E+02       0.180591300000000E+02
      -0.679187780000000E+02       0.180631160000000E+02
      -0.679278410000000E+02       0.180685720000000E+02
      -0.679407990000000E+02       0.180797160000000E+02
      -0.679344790000000E+02       0.181113060000000E+02
      -0.679321850000000E+02       0.181132210000000E+02
      -0.679108800000000E+02       0.181196680000000E+02
      -0.678917400000000E+02       0.181139700000000E+02
END
        15      -0.665187858659484E+02       0.178949488271605E+02
      -0.665234780000000E+02       0.178961760000000E+02
      -0.665134540000000E+02       0.179028570000000E+02
      -0.665097830000000E+02       0.179004660000000E+02
      -0.665095250000000E+02       0.178985520000000E+02
      -0.665153490000000E+02       0.178927000000000E+02
      -0.665285720000000E+02       0.178848130000000E+02
      -0.665260720000000E+02       0.178929370000000E+02
      -0.665234780000000E+02       0.178961760000000E+02
END
END
